RECT 90 66 95 73 6
RECT 79 81 87 91 6
RECT 57 90 66 93 6
RECT 76 8 84 14 6
RECT 11 6 16 13 6
RECT 41 3 46 10 6
RECT 64 66 74 76 1
RECT 46 0 56 9 6
RECT 85 74 95 84 6
RECT 73 22 81 29 5
RECT 24 27 32 35 5
RECT 34 0 44 8 6
RECT 33 72 42 79 1
RECT 16 20 21 30 5
RECT 2 13 8 21 6
RECT 94 24 98 31 6
RECT 0 89 10 99 6
RECT 75 25 84 35 5
RECT 27 22 37 32 5
RECT 53 3 63 11 6
RECT 73 88 82 91 6
RECT 24 9 32 15 6
RECT 66 20 75 29 5
RECT 28 83 38 92 6
RECT 0 80 10 90 6
RECT 92 88 96 91 6
RECT 37 31 41 38 5
RECT 2 38 7 41 6
RECT 5 86 11 96 6
RECT 66 84 73 92 6
RECT 90 1 93 7 6
RECT 47 17 51 26 6
RECT 56 67 61 77 1
RECT 57 32 66 39 5
RECT 38 10 47 19 6
RECT 19 79 29 88 6
RECT 2 0 8 5 6
RECT 56 13 62 22 6
RECT 13 85 22 92 6
RECT 27 53 35 62 5
RECT 32 69 41 78 1
RECT 67 55 74 57 5
RECT 31 30 41 38 5
RECT 67 7 77 15 6
RECT 25 96 33 99 6
RECT 31 88 37 95 6
RECT 54 34 63 41 5
RECT 9 75 17 85 6
RECT 90 92 99 96 6
RECT 57 94 61 99 6
RECT 42 87 47 97 6
RECT 54 88 59 94 6
RECT 47 94 54 96 6
RECT 55 50 65 57 5
RECT 81 6 89 14 6
RECT 68 90 76 95 6
RECT 36 64 44 70 1
RECT 77 90 82 98 6
RECT 24 4 32 9 6
RECT 20 60 27 65 1
RECT 69 4 79 6 6
RECT 57 62 64 66 1
RECT 50 9 55 19 6
RECT 44 36 49 46 5
RECT 85 82 94 89 6
RECT 87 64 96 70 6
RECT 26 93 31 96 6
RECT 77 18 80 21 5
RECT 91 50 97 54 6
RECT 93 11 99 19 6
RECT 47 9 52 15 6
RECT 60 92 65 99 6
RECT 22 60 27 70 1
RECT 39 90 46 95 6
RECT 4 59 13 67 2
RECT 95 41 97 49 6
RECT 32 14 42 23 6
RECT 5 6 11 13 6
RECT 76 79 86 88 6
RECT 88 15 97 25 6
RECT 37 51 43 59 5
RECT 88 89 90 98 6
RECT 12 90 20 94 6
RECT 16 28 25 32 5
RECT 96 68 99 78 6
RECT 72 64 82 68 1
RECT 90 54 97 63 6
RECT 91 32 94 40 6
RECT 20 1 25 11 6
RECT 90 35 97 44 6
RECT 76 2 84 5 6
RECT 51 34 56 43 5
RECT 5 30 12 36 2
RECT 58 76 61 81 1
RECT 45 89 51 92 6
RECT 2 54 12 62 6
RECT 43 73 53 80 1
RECT 6 74 12 83 6
RECT 56 13 65 21 6
RECT 31 5 37 10 6
RECT 3 18 8 27 6
RECT 53 66 62 74 1
RECT 83 89 88 92 6
RECT 91 4 95 7 6
RECT 52 90 57 95 6
RECT 80 56 86 65 1
RECT 17 5 20 11 6
RECT 8 70 13 73 6
RECT 28 70 29 75 1
RECT 43 26 53 35 5
RECT 3 0 11 10 6
RECT 32 30 41 40 5
RECT 68 96 73 99 6
RECT 23 17 28 26 5
RECT 0 45 2 49 6
RECT 47 46 53 50 5
RECT 96 36 99 45 6
RECT 83 2 92 5 6
RECT 91 30 95 31 6
RECT 58 0 67 5 6
RECT 38 96 44 98 6
RECT 51 57 55 60 5
RECT 3 37 6 44 6
RECT 46 68 48 78 1
RECT 14 93 24 99 6
RECT 46 93 54 99 6
RECT 1 42 11 51 6
RECT 62 76 69 81 1
RECT 97 33 99 35 6
RECT 69 0 76 10 6
RECT 5 61 10 70 6
RECT 96 79 99 85 6
RECT 47 59 52 61 5
RECT 7 22 11 32 6
RECT 2 33 12 35 6
RECT 9 54 13 64 2
RECT 7 0 17 9 6
RECT 89 0 98 5 6
RECT 87 86 97 92 6
RECT 89 62 98 62 6
RECT 61 16 71 21 6
RECT 0 35 2 44 6
RECT 61 85 71 87 2
RECT 77 19 84 29 5
RECT 98 86 98 93 6
RECT 19 90 27 99 6
RECT 59 67 67 76 1
RECT 62 35 71 39 5
RECT 98 27 99 32 6
RECT 87 95 95 98 6
RECT 40 34 47 43 5
RECT 9 33 12 42 2
RECT 23 51 26 57 5
RECT 51 50 55 58 5
RECT 24 1 34 6 6
RECT 79 7 83 9 6
RECT 99 86 99 93 6
RECT 89 3 97 9 6
RECT 63 7 69 16 6
RECT 85 62 89 68 0
RECT 92 6 98 11 6
RECT 83 96 88 99 6
RECT 11 78 20 83 6
RECT 84 40 85 43 5
RECT 50 31 58 40 5
RECT 13 71 22 80 6
RECT 49 78 59 81 1
RECT 81 3 91 12 6
RECT 4 63 5 73 6
RECT 92 11 92 21 6
RECT 56 6 62 14 6
RECT 10 88 12 98 6
RECT 17 30 22 37 5
RECT 15 23 22 27 5
RECT 32 67 36 68 1
RECT 6 48 12 53 2
RECT 59 88 69 98 6
RECT 0 32 6 39 6
RECT 81 51 82 52 5
RECT 40 65 50 69 1
RECT 22 0 29 8 6
RECT 30 3 36 12 6
RECT 92 98 97 99 6
RECT 87 48 94 50 6
RECT 36 84 40 88 2
RECT 94 45 99 47 6
RECT 35 86 37 96 6
RECT 95 66 98 75 6
RECT 21 74 25 77 2
RECT 33 19 38 22 2
RECT 1 11 10 18 6
RECT 79 32 86 39 5
RECT 52 14 59 21 6
RECT 28 70 30 76 1
RECT 79 1 87 9 6
RECT 63 4 69 9 6
RECT 16 30 19 39 5
RECT 43 0 53 4 6
RECT 57 51 62 52 0
RECT 82 74 83 77 2
RECT 1 79 8 89 6
RECT 43 85 50 87 2
RECT 32 23 38 32 5
RECT 18 3 20 12 6
RECT 1 78 9 79 6
RECT 3 16 12 26 6
RECT 98 18 99 23 6
RECT 2 68 4 71 6
RECT 41 22 50 26 2
RECT 75 97 78 99 6
RECT 35 96 39 99 6
RECT 52 68 62 73 1
RECT 51 96 61 99 6
RECT 5 33 8 36 6
RECT 55 58 61 59 5
RECT 51 27 58 29 0
RECT 89 20 93 30 6
RECT 89 17 91 23 2
RECT 9 11 17 15 6
RECT 36 68 46 75 1
RECT 49 74 57 82 1
RECT 53 21 63 24 2