RECT 0 0 99 99 6
RECT 15 14 24 71 2
RECT 80 14 87 71 2
RECT 13 15 27 68 2
RECT 76 15 89 66 2
RECT 12 16 29 67 2
RECT 73 16 89 66 2
RECT 11 17 32 65 2
RECT 70 17 90 52 2
RECT 10 18 34 63 2
RECT 68 18 90 52 2
RECT 35 19 36 85 2
RECT 65 19 90 52 2
RECT 37 20 38 86 2
RECT 63 20 90 52 2
RECT 39 21 40 86 2
RECT 61 21 90 52 2
RECT 41 22 41 87 2
RECT 58 22 90 52 2
RECT 42 23 43 87 2
RECT 56 23 90 52 2
RECT 44 24 45 88 2
RECT 47 24 51 88 2
RECT 53 24 90 52 2
RECT 46 25 90 52 2
RECT 9 27 90 52 2
RECT 9 53 89 55 2
RECT 90 54 90 57 2
RECT 46 56 90 57 2
RECT 46 58 89 66 2
RECT 90 59 90 61 2
RECT 33 64 89 66 2
RECT 30 66 89 66 2
RECT 30 67 88 68 2
RECT 28 68 88 68 2
RECT 14 69 87 70 2
RECT 25 71 87 71 2
RECT 16 72 86 72 2
RECT 17 73 86 73 2
RECT 18 74 85 74 2
RECT 19 75 84 75 2
RECT 20 76 84 76 2
RECT 21 77 83 77 2
RECT 23 78 82 78 2
RECT 24 79 81 79 2
RECT 25 80 80 80 2
RECT 27 81 79 81 2
RECT 28 82 77 82 2
RECT 30 83 76 83 2
RECT 32 84 74 84 2
RECT 34 85 71 85 2
RECT 36 86 69 86 2
RECT 40 87 67 87 2
RECT 43 88 61 88 2
RECT 17 16 23 68 0
RECT 80 16 85 69 0
RECT 15 17 26 65 0
RECT 77 17 86 67 0
RECT 14 18 29 62 0
RECT 74 18 87 63 0
RECT 13 19 31 58 0
RECT 71 19 87 63 0
RECT 32 20 32 80 0
RECT 68 20 87 63 0
RECT 33 21 34 81 0
RECT 66 21 88 40 0
RECT 35 22 36 82 0
RECT 64 22 88 40 0
RECT 37 23 37 83 0
RECT 61 23 88 40 0
RECT 38 24 39 83 0
RECT 59 24 88 40 0
RECT 40 25 41 84 0
RECT 57 25 88 40 0
RECT 42 26 43 84 0
RECT 55 26 88 40 0
RECT 44 27 44 85 0
RECT 53 27 88 40 0
RECT 45 28 88 40 0
RECT 12 31 88 40 0
RECT 12 41 87 49 0
RECT 88 43 88 44 0
RECT 45 50 87 63 0
RECT 30 59 87 63 0
RECT 27 63 87 63 0
RECT 27 64 86 67 0
RECT 16 66 86 67 0
RECT 24 68 85 69 0
RECT 18 69 85 69 0
RECT 19 70 84 71 0
RECT 20 72 83 72 0
RECT 21 73 82 73 0
RECT 22 74 81 74 0
RECT 23 75 80 75 0
RECT 24 76 79 76 0
RECT 26 77 78 77 0
RECT 27 78 77 78 0
RECT 29 79 76 79 0
RECT 31 80 75 80 0
RECT 45 81 73 81 0
RECT 45 82 71 82 0
RECT 45 83 69 83 0
RECT 45 84 66 84 0
RECT 45 85 59 85 0
RECT 17 18 23 34 7
RECT 82 18 83 40 7
RECT 16 19 25 33 7
RECT 78 19 84 36 7
RECT 15 20 28 32 7
RECT 75 20 85 33 7
RECT 29 21 30 31 7
RECT 72 21 85 31 7
RECT 31 22 32 30 7
RECT 70 22 85 31 7
RECT 33 23 33 30 7
RECT 67 23 85 30 7
RECT 34 24 35 29 7
RECT 65 24 85 29 7
RECT 36 25 37 29 7
RECT 63 25 85 29 7
RECT 38 26 39 28 7
RECT 61 26 85 28 7
RECT 40 27 40 28 7
RECT 59 27 85 28 7
RECT 41 28 42 28 7
RECT 57 28 85 28 7
RECT 62 29 85 29 7
RECT 34 30 34 30 7
RECT 44 30 54 43 7
RECT 31 31 31 31 7
RECT 38 31 60 40 7
RECT 34 32 65 39 7
RECT 73 32 85 32 7
RECT 15 33 26 33 7
RECT 31 33 69 38 7
RECT 74 33 85 33 7
RECT 15 34 24 34 7
RECT 29 34 71 38 7
RECT 76 34 85 34 7
RECT 15 35 22 35 7
RECT 27 35 73 38 7
RECT 77 35 85 35 7
RECT 15 36 21 36 7
RECT 25 36 74 38 7
RECT 85 36 85 44 7
RECT 15 37 19 37 7
RECT 24 37 76 38 7
RECT 79 37 85 37 7
RECT 15 38 18 38 7
RECT 23 38 77 38 7
RECT 80 38 85 38 7
RECT 15 39 17 39 7
RECT 21 39 25 39 7
RECT 32 39 65 39 7
RECT 73 39 78 39 7
RECT 81 39 85 39 7
RECT 16 40 16 40 7
RECT 20 40 21 40 7
RECT 37 40 61 40 7
RECT 76 40 78 40 7
RECT 84 40 85 43 7
RECT 39 41 58 41 7
RECT 78 41 79 41 7
RECT 83 41 85 42 7
RECT 41 42 56 42 7
RECT 80 42 80 42 7
RECT 43 43 54 43 7
RECT 44 44 53 44 7
RECT 45 45 52 45 7
RECT 47 46 51 52 7
RECT 46 47 51 52 7
RECT 45 48 51 52 7
RECT 15 49 16 51 7
RECT 43 49 53 52 7
RECT 84 49 84 53 7
RECT 17 50 18 53 7
RECT 42 50 54 52 7
RECT 82 50 84 53 7
RECT 19 51 20 54 7
RECT 39 51 56 52 7
RECT 80 51 84 53 7
RECT 16 52 23 52 7
RECT 36 52 58 52 7
RECT 77 52 85 53 7
RECT 21 53 47 53 7
RECT 53 53 62 53 7
RECT 73 53 85 53 7
RECT 21 54 43 55 7
RECT 54 54 82 54 7
RECT 20 55 43 55 7
RECT 53 55 79 55 7
RECT 22 56 44 56 7
RECT 52 56 76 56 7
RECT 24 57 45 57 7
RECT 51 57 73 57 7
RECT 27 58 47 58 7
RECT 50 58 69 58 7
RECT 30 59 65 59 7
RECT 35 60 59 60 7
RECT 44 61 49 61 7
RECT 51 61 51 61 7
RECT 18 18 21 35 5
RECT 17 19 24 33 5
RECT 79 19 83 36 5
RECT 16 20 27 32 5
RECT 77 20 84 35 5
RECT 28 21 29 31 5
RECT 73 21 84 31 5
RECT 15 22 31 30 5
RECT 70 22 84 30 5
RECT 32 23 33 30 5
RECT 67 23 84 29 5
RECT 34 24 34 29 5
RECT 65 24 85 29 5
RECT 35 25 36 29 5
RECT 64 25 85 29 5
RECT 37 26 38 28 5
RECT 62 26 85 28 5
RECT 39 27 39 28 5
RECT 60 27 85 28 5
RECT 40 28 41 28 5
RECT 63 29 85 29 5
RECT 48 30 51 52 5
RECT 68 30 85 30 5
RECT 15 31 30 31 5
RECT 39 31 58 40 5
RECT 72 31 85 31 5
RECT 15 32 27 32 5
RECT 35 32 63 39 5
RECT 74 32 84 32 5
RECT 15 33 25 33 5
RECT 32 33 67 38 5
RECT 76 33 85 34 5
RECT 15 34 23 34 5
RECT 29 34 71 37 5
RECT 15 35 22 35 5
RECT 27 35 73 37 5
RECT 85 35 85 39 5
RECT 15 36 20 36 5
RECT 26 36 74 37 5
RECT 84 36 85 39 5
RECT 15 37 19 37 5
RECT 24 37 75 37 5
RECT 80 37 85 37 5
RECT 17 38 18 38 5
RECT 24 38 68 38 5
RECT 70 38 76 38 5
RECT 82 38 85 38 5
RECT 16 39 17 39 5
RECT 23 39 23 39 5
RECT 34 39 64 39 5
RECT 74 39 77 39 5
RECT 83 39 85 39 5
RECT 37 40 60 40 5
RECT 77 40 78 40 5
RECT 82 40 84 40 5
RECT 40 41 57 41 5
RECT 79 41 79 41 5
RECT 84 41 85 41 5
RECT 42 42 55 42 5
RECT 80 42 80 42 5
RECT 84 42 84 42 5
RECT 44 43 53 43 5
RECT 85 43 85 44 5
RECT 45 44 52 44 5
RECT 46 45 51 45 5
RECT 47 46 51 52 5
RECT 46 48 51 52 5
RECT 44 49 51 52 5
RECT 15 50 17 50 5
RECT 42 50 54 52 5
RECT 83 50 84 53 5
RECT 16 51 19 52 5
RECT 40 51 54 52 5
RECT 80 51 84 53 5
RECT 20 52 22 54 5
RECT 37 52 57 52 5
RECT 78 52 84 53 5
RECT 17 53 45 53 5
RECT 53 53 61 53 5
RECT 74 53 84 53 5
RECT 19 54 42 54 5
RECT 54 54 71 57 5
RECT 73 54 82 54 5
RECT 21 55 42 55 5
RECT 53 55 78 55 5
RECT 23 56 43 56 5
RECT 52 56 75 56 5
RECT 25 57 44 57 5
RECT 53 57 72 57 5
RECT 28 58 46 58 5
RECT 50 58 67 58 5
RECT 32 59 47 59 5
RECT 49 59 63 59 5
RECT 36 60 47 60 5
RECT 49 60 52 60 5
RECT 21 42 21 44 1
RECT 28 42 29 49 1
RECT 69 42 69 50 1
RECT 20 43 21 44 1
RECT 36 43 37 43 1
RECT 61 43 62 43 1
RECT 70 43 70 48 1
RECT 18 44 21 44 1
RECT 37 44 39 48 1
RECT 59 44 61 45 1
RECT 68 44 70 48 1
RECT 76 44 77 49 1
RECT 17 45 20 47 1
RECT 40 45 40 47 1
RECT 58 45 61 45 1
RECT 78 45 78 49 1
RECT 41 46 41 47 1
RECT 56 46 60 47 1
RECT 79 46 80 48 1
RECT 21 47 21 48 1
RECT 55 47 60 47 1
RECT 81 47 82 47 1
RECT 19 48 21 48 1
RECT 57 48 60 48 1
RECT 36 49 36 49 1
RECT 59 49 61 49 1
RECT 68 49 69 49 1
RECT 76 50 76 50 1
RECT 15 55 15 56 1
RECT 16 56 17 61 1
RECT 84 56 85 61 1
RECT 18 57 19 59 1
RECT 82 57 85 61 1
RECT 20 58 20 58 1
RECT 79 58 85 61 1
RECT 23 59 24 71 1
RECT 77 59 85 59 1
RECT 18 60 18 60 1
RECT 22 60 27 69 1
RECT 72 60 74 72 1
RECT 78 60 85 60 1
RECT 21 61 29 66 1
RECT 68 61 75 62 1
RECT 17 62 17 62 1
RECT 20 62 31 63 1
RECT 63 62 64 81 1
RECT 76 62 76 75 1
RECT 80 62 84 62 1
RECT 35 63 40 79 1
RECT 56 63 65 80 1
RECT 69 63 77 64 1
RECT 81 63 84 63 1
RECT 19 64 30 64 1
RECT 34 64 49 79 1
RECT 52 64 65 80 1
RECT 78 64 78 74 1
RECT 82 64 84 64 1
RECT 18 65 29 65 1
RECT 66 65 66 80 1
RECT 70 65 79 67 1
RECT 82 65 83 65 1
RECT 19 66 29 66 1
RECT 33 66 49 78 1
RECT 80 66 80 72 1
RECT 83 66 83 66 1
RECT 20 67 28 67 1
RECT 32 67 49 78 1
RECT 67 67 67 80 1
RECT 20 68 27 68 1
RECT 71 68 81 70 1
RECT 21 69 27 69 1
RECT 31 69 49 77 1
RECT 82 69 82 69 1
RECT 22 70 26 70 1
RECT 30 70 49 76 1
RECT 68 70 68 80 1
RECT 25 71 25 72 1
RECT 29 71 49 76 1
RECT 75 71 81 71 1
RECT 24 72 25 72 1
RECT 69 72 69 79 1
RECT 75 72 80 72 1
RECT 28 73 49 75 1
RECT 73 73 79 73 1
RECT 73 74 78 74 1
RECT 70 75 70 79 1
RECT 74 75 77 75 1
RECT 74 76 75 76 1
RECT 71 77 71 78 1
RECT 36 80 49 80 1
RECT 40 81 49 81 1
RECT 52 81 64 81 1
RECT 48 82 49 82 1
RECT 52 82 59 82 1