RECT 4 24 219 24 2
RECT 2 25 3 25 2
RECT 220 25 221 25 2
RECT 1 26 1 27 2
RECT 222 26 222 27 2
RECT 5 27 106 27 2
RECT 117 27 218 27 2
RECT 0 28 0 99 2
RECT 223 28 223 99 2
RECT 3 29 3 98 2
RECT 108 29 108 57 2
RECT 115 29 115 57 2
RECT 220 29 220 98 2
RECT 22 44 41 44 2
RECT 62 44 89 44 2
RECT 134 44 161 44 2
RECT 182 44 201 44 2
RECT 20 46 20 57 2
RECT 43 46 43 57 2
RECT 60 46 60 57 2
RECT 91 46 91 57 2
RECT 132 46 132 57 2
RECT 163 46 163 57 2
RECT 180 46 180 57 2
RECT 203 46 203 57 2
RECT 22 59 41 59 2
RECT 62 59 89 59 2
RECT 110 59 113 59 2
RECT 134 59 161 59 2
RECT 182 59 201 59 2
RECT 22 76 41 76 2
RECT 62 76 65 76 2
RECT 86 76 137 76 2
RECT 158 76 161 76 2
RECT 182 76 201 76 2
RECT 20 78 20 81 2
RECT 43 78 43 81 2
RECT 60 78 60 129 2
RECT 67 78 67 98 2
RECT 84 78 84 81 2
RECT 139 78 139 81 2
RECT 156 78 156 98 2
RECT 163 78 163 129 2
RECT 180 78 180 81 2
RECT 203 78 203 81 2
RECT 22 83 41 83 2
RECT 86 83 106 83 2
RECT 117 83 137 83 2
RECT 182 83 201 83 2
RECT 108 85 108 105 2
RECT 115 85 115 105 2
RECT 1 100 1 101 2
RECT 5 100 41 100 2
RECT 69 100 89 100 2
RECT 134 100 154 100 2
RECT 182 100 218 100 2
RECT 222 100 222 101 2
RECT 2 102 3 102 2
RECT 43 102 43 129 2
RECT 91 102 91 105 2
RECT 132 102 132 105 2
RECT 180 102 180 129 2
RECT 220 102 221 102 2
RECT 4 103 39 103 2
RECT 184 103 219 103 2
RECT 40 104 40 127 2
RECT 183 104 183 127 2
RECT 69 107 89 107 2
RECT 110 107 113 107 2
RECT 134 107 154 107 2
RECT 67 109 67 129 2
RECT 156 109 156 129 2
RECT 84 124 103 124 2
RECT 103 124 103 127 2
RECT 120 124 139 124 2
RECT 139 124 139 155 2
RECT 84 125 84 155 2
RECT 120 125 120 127 2
RECT 87 127 103 127 2
RECT 120 127 136 127 2
RECT 136 127 136 152 2
RECT 0 128 39 128 2
RECT 87 128 87 152 2
RECT 184 128 223 128 2
RECT 0 131 41 131 2
RECT 62 131 65 131 2
RECT 158 131 161 131 2
RECT 182 131 223 131 2
RECT 0 148 41 148 2
RECT 62 148 65 148 2
RECT 158 148 161 148 2
RECT 182 148 223 148 2
RECT 43 150 43 177 2
RECT 60 150 60 177 2
RECT 67 150 67 177 2
RECT 156 150 156 177 2
RECT 163 150 163 177 2
RECT 180 150 180 177 2
RECT 0 151 39 151 2
RECT 184 151 223 151 2
RECT 40 152 40 175 2
RECT 87 152 136 152 2
RECT 183 152 183 175 2
RECT 84 155 139 155 2
RECT 86 172 137 172 2
RECT 84 174 84 177 2
RECT 139 174 139 177 2
RECT 4 176 39 176 2
RECT 184 176 219 176 2
RECT 2 177 3 177 2
RECT 220 177 221 177 2
RECT 1 178 1 179 2
RECT 222 178 222 179 2
RECT 5 179 41 179 2
RECT 62 179 65 179 2
RECT 86 179 106 179 2
RECT 117 179 137 179 2
RECT 158 179 161 179 2
RECT 182 179 218 179 2
RECT 0 180 0 267 2
RECT 223 180 223 267 2
RECT 3 181 3 218 2
RECT 108 181 108 201 2
RECT 115 181 115 201 2
RECT 220 181 220 218 2
RECT 22 196 41 196 2
RECT 62 196 89 196 2
RECT 134 196 161 196 2
RECT 182 196 201 196 2
RECT 20 198 20 201 2
RECT 43 198 43 225 2
RECT 60 198 60 201 2
RECT 91 198 91 201 2
RECT 132 198 132 201 2
RECT 163 198 163 201 2
RECT 180 198 180 225 2
RECT 203 198 203 201 2
RECT 22 203 34 203 2
RECT 62 203 89 203 2
RECT 110 203 113 203 2
RECT 134 203 161 203 2
RECT 189 203 201 203 2
RECT 36 205 36 225 2
RECT 187 205 187 225 2
RECT 5 220 17 220 2
RECT 62 220 65 220 2
RECT 86 220 137 220 2
RECT 158 220 161 220 2
RECT 206 220 218 220 2
RECT 19 222 19 225 2
RECT 60 222 60 242 2
RECT 67 222 67 242 2
RECT 84 222 84 225 2
RECT 139 222 139 225 2
RECT 156 222 156 242 2
RECT 163 222 163 242 2
RECT 204 222 204 225 2
RECT 5 227 17 227 2
RECT 38 227 41 227 2
RECT 86 227 106 227 2
RECT 117 227 137 227 2
RECT 182 227 185 227 2
RECT 206 227 218 227 2
RECT 3 229 3 266 2
RECT 108 229 108 249 2
RECT 115 229 115 249 2
RECT 220 229 220 266 2
RECT 22 244 58 244 2
RECT 69 244 89 244 2
RECT 134 244 154 244 2
RECT 165 244 201 244 2
RECT 20 246 20 249 2
RECT 91 246 91 249 2
RECT 132 246 132 249 2
RECT 203 246 203 249 2
RECT 22 251 89 251 2
RECT 110 251 113 251 2
RECT 134 251 201 251 2
RECT 1 268 1 269 2
RECT 5 268 218 268 2
RECT 222 268 222 269 2
RECT 2 270 3 270 2
RECT 220 270 221 270 2
RECT 4 271 219 271 2