RECT 4 24 219 24 2
RECT 2 25 3 25 2
RECT 220 25 221 25 2
RECT 1 26 1 27 2
RECT 222 26 222 27 2
RECT 5 27 106 27 2
RECT 117 27 218 27 2
RECT 0 28 0 99 2
RECT 223 28 223 99 2
RECT 3 29 3 98 2
RECT 108 29 108 57 2
RECT 115 29 115 57 2
RECT 220 29 220 98 2
RECT 22 44 41 44 2
RECT 62 44 89 44 2
RECT 134 44 161 44 2
RECT 182 44 201 44 2
RECT 20 46 20 57 2
RECT 43 46 43 57 2
RECT 60 46 60 57 2
RECT 91 46 91 57 2
RECT 132 46 132 57 2
RECT 163 46 163 57 2
RECT 180 46 180 57 2
RECT 203 46 203 57 2
RECT 22 59 41 59 2
RECT 62 59 89 59 2
RECT 110 59 113 59 2
RECT 134 59 161 59 2
RECT 182 59 201 59 2
RECT 22 76 41 76 2
RECT 62 76 65 76 2
RECT 86 76 137 76 2
RECT 158 76 161 76 2
RECT 182 76 201 76 2
RECT 20 78 20 81 2
RECT 43 78 43 81 2
RECT 60 78 60 129 2
RECT 67 78 67 98 2
RECT 84 78 84 81 2
RECT 139 78 139 81 2
RECT 156 78 156 98 2
RECT 163 78 163 129 2
RECT 180 78 180 81 2
RECT 203 78 203 81 2
RECT 22 83 41 83 2
RECT 86 83 106 83 2
RECT 117 83 137 83 2
RECT 182 83 201 83 2
RECT 108 85 108 105 2
RECT 115 85 115 105 2
RECT 1 100 1 101 2
RECT 5 100 41 100 2
RECT 69 100 89 100 2
RECT 134 100 154 100 2
RECT 182 100 218 100 2
RECT 222 100 222 101 2
RECT 2 102 3 102 2
RECT 43 102 43 129 2
RECT 91 102 91 105 2
RECT 132 102 132 105 2
RECT 180 102 180 129 2
RECT 220 102 221 102 2
RECT 4 103 39 103 2
RECT 184 103 219 103 2
RECT 40 104 40 127 2
RECT 183 104 183 127 2
RECT 69 107 89 107 2
RECT 110 107 113 107 2
RECT 134 107 154 107 2
RECT 67 109 67 129 2
RECT 156 109 156 129 2
RECT 84 124 103 124 2
RECT 103 124 103 127 2
RECT 120 124 139 124 2
RECT 139 124 139 155 2
RECT 84 125 84 155 2
RECT 120 125 120 127 2
RECT 87 127 103 127 2
RECT 120 127 136 127 2
RECT 136 127 136 152 2
RECT 0 128 39 128 2
RECT 87 128 87 152 2
RECT 184 128 223 128 2
RECT 0 131 41 131 2
RECT 62 131 65 131 2
RECT 158 131 161 131 2
RECT 182 131 223 131 2
RECT 0 148 41 148 2
RECT 62 148 65 148 2
RECT 158 148 161 148 2
RECT 182 148 223 148 2
RECT 43 150 43 177 2
RECT 60 150 60 177 2
RECT 67 150 67 177 2
RECT 156 150 156 177 2
RECT 163 150 163 177 2
RECT 180 150 180 177 2
RECT 0 151 39 151 2
RECT 184 151 223 151 2
RECT 40 152 40 175 2
RECT 87 152 136 152 2
RECT 183 152 183 175 2
RECT 84 155 139 155 2
RECT 86 172 137 172 2
RECT 84 174 84 177 2
RECT 139 174 139 177 2
RECT 4 176 39 176 2
RECT 184 176 219 176 2
RECT 2 177 3 177 2
RECT 220 177 221 177 2
RECT 1 178 1 179 2
RECT 222 178 222 179 2
RECT 5 179 41 179 2
RECT 62 179 65 179 2
RECT 86 179 106 179 2
RECT 117 179 137 179 2
RECT 158 179 161 179 2
RECT 182 179 218 179 2
RECT 0 180 0 267 2
RECT 223 180 223 267 2
RECT 3 181 3 218 2
RECT 108 181 108 201 2
RECT 115 181 115 201 2
RECT 220 181 220 218 2
RECT 22 196 41 196 2
RECT 62 196 89 196 2
RECT 134 196 161 196 2
RECT 182 196 201 196 2
RECT 20 198 20 201 2
RECT 43 198 43 225 2
RECT 60 198 60 201 2
RECT 91 198 91 201 2
RECT 132 198 132 201 2
RECT 163 198 163 201 2
RECT 180 198 180 225 2
RECT 203 198 203 201 2
RECT 22 203 34 203 2
RECT 62 203 89 203 2
RECT 110 203 113 203 2
RECT 134 203 161 203 2
RECT 189 203 201 203 2
RECT 36 205 36 225 2
RECT 187 205 187 225 2
RECT 5 220 17 220 2
RECT 62 220 65 220 2
RECT 86 220 137 220 2
RECT 158 220 161 220 2
RECT 206 220 218 220 2
RECT 19 222 19 225 2
RECT 60 222 60 242 2
RECT 67 222 67 242 2
RECT 84 222 84 225 2
RECT 139 222 139 225 2
RECT 156 222 156 242 2
RECT 163 222 163 242 2
RECT 204 222 204 225 2
RECT 5 227 17 227 2
RECT 38 227 41 227 2
RECT 86 227 106 227 2
RECT 117 227 137 227 2
RECT 182 227 185 227 2
RECT 206 227 218 227 2
RECT 3 229 3 266 2
RECT 108 229 108 249 2
RECT 115 229 115 249 2
RECT 220 229 220 266 2
RECT 22 244 58 244 2
RECT 69 244 89 244 2
RECT 134 244 154 244 2
RECT 165 244 201 244 2
RECT 20 246 20 249 2
RECT 91 246 91 249 2
RECT 132 246 132 249 2
RECT 203 246 203 249 2
RECT 22 251 89 251 2
RECT 110 251 113 251 2
RECT 134 251 201 251 2
RECT 1 268 1 269 2
RECT 5 268 218 268 2
RECT 222 268 222 269 2
RECT 2 270 3 270 2
RECT 220 270 221 270 2
RECT 4 271 219 271 2
RECT 11 35 12 36 7
RECT 19 35 20 36 7
RECT 27 35 28 36 7
RECT 35 35 36 36 7
RECT 43 35 44 36 7
RECT 51 35 52 36 7
RECT 59 35 60 36 7
RECT 67 35 68 36 7
RECT 75 35 76 36 7
RECT 83 35 84 36 7
RECT 91 35 92 36 7
RECT 99 35 100 36 7
RECT 123 35 124 36 7
RECT 131 35 132 36 7
RECT 139 35 140 36 7
RECT 147 35 148 36 7
RECT 155 35 156 36 7
RECT 163 35 164 36 7
RECT 171 35 172 36 7
RECT 179 35 180 36 7
RECT 187 35 188 36 7
RECT 195 35 196 36 7
RECT 203 35 204 36 7
RECT 211 35 212 36 7
RECT 11 43 12 44 7
RECT 51 43 52 44 7
RECT 99 43 100 44 7
RECT 123 43 124 44 7
RECT 171 43 172 44 7
RECT 211 43 212 44 7
RECT 51 51 52 52 7
RECT 99 51 100 52 7
RECT 123 51 124 52 7
RECT 171 51 172 52 7
RECT 11 59 12 60 7
RECT 51 59 52 60 7
RECT 99 59 100 60 7
RECT 123 59 124 60 7
RECT 171 59 172 60 7
RECT 211 59 212 60 7
RECT 11 67 12 68 7
RECT 19 67 20 68 7
RECT 27 67 28 68 7
RECT 35 67 36 68 7
RECT 43 67 44 68 7
RECT 51 67 52 68 7
RECT 59 67 60 68 7
RECT 67 67 68 68 7
RECT 75 67 76 68 7
RECT 83 67 84 68 7
RECT 91 67 92 68 7
RECT 99 67 100 68 7
RECT 107 67 108 68 7
RECT 115 67 116 68 7
RECT 123 67 124 68 7
RECT 131 67 132 68 7
RECT 139 67 140 68 7
RECT 147 67 148 68 7
RECT 155 67 156 68 7
RECT 163 67 164 68 7
RECT 171 67 172 68 7
RECT 179 67 180 68 7
RECT 187 67 188 68 7
RECT 195 67 196 68 7
RECT 203 67 204 68 7
RECT 211 67 212 68 7
RECT 11 75 12 76 7
RECT 51 75 52 76 7
RECT 75 75 76 76 7
RECT 147 75 148 76 7
RECT 171 75 172 76 7
RECT 211 75 212 76 7
RECT 11 83 12 84 7
RECT 51 83 52 84 7
RECT 75 83 76 84 7
RECT 147 83 148 84 7
RECT 171 83 172 84 7
RECT 211 83 212 84 7
RECT 11 91 12 92 7
RECT 19 91 20 92 7
RECT 27 91 28 92 7
RECT 35 91 36 92 7
RECT 43 91 44 92 7
RECT 51 91 52 92 7
RECT 75 91 76 92 7
RECT 83 91 84 92 7
RECT 91 91 92 92 7
RECT 99 91 100 92 7
RECT 123 91 124 92 7
RECT 131 91 132 92 7
RECT 139 91 140 92 7
RECT 147 91 148 92 7
RECT 171 91 172 92 7
RECT 179 91 180 92 7
RECT 187 91 188 92 7
RECT 195 91 196 92 7
RECT 203 91 204 92 7
RECT 211 91 212 92 7
RECT 51 99 52 100 7
RECT 171 99 172 100 7
RECT 51 107 52 108 7
RECT 171 107 172 108 7
RECT 51 115 52 116 7
RECT 171 115 172 116 7
RECT 51 123 52 124 7
RECT 171 123 172 124 7
RECT 51 131 52 132 7
RECT 171 131 172 132 7
RECT 51 139 52 140 7
RECT 51 147 52 148 7
RECT 171 139 172 140 7
RECT 171 147 172 148 7
RECT 51 155 52 156 7
RECT 171 155 172 156 7
RECT 51 163 52 164 7
RECT 171 163 172 164 7
RECT 51 171 52 172 7
RECT 171 171 172 172 7
RECT 51 179 52 180 7
RECT 171 179 172 180 7
RECT 11 187 12 188 7
RECT 19 187 20 188 7
RECT 27 187 28 188 7
RECT 35 187 36 188 7
RECT 43 187 44 188 7
RECT 51 187 52 188 7
RECT 59 187 60 188 7
RECT 67 187 68 188 7
RECT 75 187 76 188 7
RECT 83 187 84 188 7
RECT 91 187 92 188 7
RECT 99 187 100 188 7
RECT 123 187 124 188 7
RECT 131 187 132 188 7
RECT 139 187 140 188 7
RECT 147 187 148 188 7
RECT 155 187 156 188 7
RECT 163 187 164 188 7
RECT 171 187 172 188 7
RECT 179 187 180 188 7
RECT 187 187 188 188 7
RECT 195 187 196 188 7
RECT 203 187 204 188 7
RECT 211 187 212 188 7
RECT 11 195 12 196 7
RECT 51 195 52 196 7
RECT 99 195 100 196 7
RECT 123 195 124 196 7
RECT 171 195 172 196 7
RECT 211 195 212 196 7
RECT 11 203 12 204 7
RECT 51 203 52 204 7
RECT 99 203 100 204 7
RECT 123 203 124 204 7
RECT 171 203 172 204 7
RECT 211 203 212 204 7
RECT 19 211 20 212 7
RECT 27 211 28 212 7
RECT 51 211 52 212 7
RECT 59 211 60 212 7
RECT 67 211 68 212 7
RECT 75 211 76 212 7
RECT 83 211 84 212 7
RECT 91 211 92 212 7
RECT 99 211 100 212 7
RECT 123 211 124 212 7
RECT 131 211 132 212 7
RECT 139 211 140 212 7
RECT 147 211 148 212 7
RECT 155 211 156 212 7
RECT 163 211 164 212 7
RECT 171 211 172 212 7
RECT 195 211 196 212 7
RECT 203 211 204 212 7
RECT 27 219 28 220 7
RECT 51 219 52 220 7
RECT 75 219 76 220 7
RECT 147 219 148 220 7
RECT 171 219 172 220 7
RECT 195 219 196 220 7
RECT 27 227 28 228 7
RECT 51 227 52 228 7
RECT 75 227 76 228 7
RECT 147 227 148 228 7
RECT 171 227 172 228 7
RECT 195 227 196 228 7
RECT 11 235 12 236 7
RECT 19 235 20 236 7
RECT 27 235 28 236 7
RECT 35 235 36 236 7
RECT 43 235 44 236 7
RECT 51 235 52 236 7
RECT 75 235 76 236 7
RECT 83 235 84 236 7
RECT 91 235 92 236 7
RECT 99 235 100 236 7
RECT 123 235 124 236 7
RECT 131 235 132 236 7
RECT 139 235 140 236 7
RECT 147 235 148 236 7
RECT 171 235 172 236 7
RECT 179 235 180 236 7
RECT 187 235 188 236 7
RECT 195 235 196 236 7
RECT 203 235 204 236 7
RECT 211 235 212 236 7
RECT 11 243 12 244 7
RECT 99 243 100 244 7
RECT 123 243 124 244 7
RECT 211 243 212 244 7
RECT 11 251 12 252 7
RECT 99 251 100 252 7
RECT 123 251 124 252 7
RECT 211 251 212 252 7
RECT 11 259 12 260 7
RECT 19 259 20 260 7
RECT 27 259 28 260 7
RECT 35 259 36 260 7
RECT 43 259 44 260 7
RECT 51 259 52 260 7
RECT 59 259 60 260 7
RECT 67 259 68 260 7
RECT 75 259 76 260 7
RECT 83 259 84 260 7
RECT 91 259 92 260 7
RECT 99 259 100 260 7
RECT 107 259 108 260 7
RECT 115 259 116 260 7
RECT 123 259 124 260 7
RECT 131 259 132 260 7
RECT 139 259 140 260 7
RECT 147 259 148 260 7
RECT 155 259 156 260 7
RECT 163 259 164 260 7
RECT 171 259 172 260 7
RECT 179 259 180 260 7
RECT 187 259 188 260 7
RECT 195 259 196 260 7
RECT 203 259 204 260 7
RECT 211 259 212 260 7
JOKER 92 133 131 142