RECT 160 30 165 40 0
RECT 168 30 171 33 0
RECT 157 31 159 43 0
RECT 166 31 167 40 0
RECT 172 31 174 32 0
RECT 156 32 156 44 0
RECT 175 32 176 32 0
RECT 151 33 155 45 0
RECT 150 34 150 53 0
RECT 168 34 170 40 0
RECT 149 35 149 53 0
RECT 147 36 148 54 0
RECT 171 36 171 40 0
RECT 175 36 180 38 0
RECT 146 37 146 54 0
RECT 172 37 174 39 0
RECT 181 37 181 40 0
RECT 145 38 145 63 0
RECT 182 38 182 40 0
RECT 144 39 144 63 0
RECT 175 39 177 39 0
RECT 180 39 180 40 0
RECT 143 40 143 64 0
RECT 172 40 173 40 0
RECT 160 41 164 41 0
RECT 305 41 313 41 0
RECT 160 42 161 42 0
RECT 295 42 312 42 0
RECT 160 43 160 43 0
RECT 292 43 310 43 0
RECT 88 44 88 45 0
RECT 142 44 142 53 0
RECT 157 44 157 44 0
RECT 278 44 309 48 0
RECT 276 45 277 67 0
RECT 89 46 89 46 0
RECT 93 46 93 47 0
RECT 151 46 153 53 0
RECT 177 46 178 46 0
RECT 273 46 275 68 0
RECT 345 46 346 46 0
RECT 92 47 92 48 0
RECT 154 47 157 49 0
RECT 180 47 180 52 0
RECT 267 47 272 70 0
RECT 337 47 344 48 0
RECT 266 48 266 77 0
RECT 335 48 336 56 0
RECT 181 49 182 50 0
RECT 263 49 265 78 0
RECT 278 49 308 59 0
RECT 329 49 334 56 0
RECT 337 49 341 49 0
RECT 87 50 89 51 0
RECT 141 50 141 51 0
RECT 154 50 156 53 0
RECT 173 50 173 50 0
RECT 176 50 179 50 0
RECT 259 50 262 81 0
RECT 319 50 328 50 0
RECT 337 50 340 54 0
RECT 90 51 90 51 0
RECT 177 51 179 51 0
RECT 181 51 181 51 0
RECT 255 51 258 85 0
RECT 320 51 328 51 0
RECT 341 51 345 53 0
RECT 54 52 56 53 0
RECT 252 52 254 90 0
RECT 323 52 328 52 0
RECT 57 53 57 57 0
RECT 157 53 157 55 0
RECT 250 53 251 93 0
RECT 325 53 328 53 0
RECT 55 54 56 54 0
RECT 58 54 59 54 0
RECT 156 54 156 55 0
RECT 246 54 249 95 0
RECT 326 54 328 54 0
RECT 341 54 341 54 0
RECT 58 55 58 57 0
RECT 244 55 245 102 0
RECT 309 55 309 61 0
RECT 328 55 328 55 0
RECT 337 55 337 55 0
RECT 142 56 142 64 0
RECT 238 56 243 211 0
RECT 310 56 310 61 0
RECT 66 57 66 57 0
RECT 141 57 141 64 0
RECT 148 57 149 57 0
RECT 184 57 187 205 0
RECT 234 57 237 210 0
RECT 332 57 334 57 0
RECT 140 58 140 64 0
RECT 146 58 146 63 0
RECT 178 58 183 131 0
RECT 188 58 189 61 0
RECT 230 58 233 209 0
RECT 311 58 313 61 0
RECT 147 59 147 64 0
RECT 177 59 177 131 0
RECT 229 59 229 209 0
RECT 314 59 315 61 0
RECT 42 60 42 61 0
RECT 58 60 58 65 0
RECT 65 60 66 61 0
RECT 139 60 139 64 0
RECT 150 60 150 60 0
RECT 174 60 176 127 0
RECT 226 60 228 208 0
RECT 278 60 304 61 0
RECT 306 60 308 60 0
RECT 316 60 317 60 0
RECT 335 60 335 61 0
RECT 41 61 41 61 0
RECT 57 61 57 61 0
RECT 84 61 85 61 0
RECT 138 61 138 64 0
RECT 170 61 173 122 0
RECT 223 61 225 207 0
RECT 307 61 308 61 0
RECT 317 61 317 61 0
RECT 37 62 38 62 0
RECT 59 62 59 63 0
RECT 63 62 65 62 0
RECT 137 62 137 64 0
RECT 148 62 148 69 0
RECT 167 62 169 64 0
RECT 188 62 188 205 0
RECT 221 62 222 206 0
RECT 278 62 301 62 0
RECT 38 63 40 63 0
RECT 45 63 45 63 0
RECT 62 63 64 64 0
RECT 82 63 82 63 0
RECT 136 63 136 64 0
RECT 164 63 166 64 0
RECT 212 63 220 204 0
RECT 278 63 296 63 0
RECT 39 64 40 65 0
RECT 149 64 149 68 0
RECT 162 64 163 65 0
RECT 211 64 211 204 0
RECT 278 64 295 64 0
RECT 38 65 38 67 0
RECT 41 65 43 67 0
RECT 61 65 63 67 0
RECT 83 65 83 68 0
RECT 159 65 161 65 0
RECT 168 65 169 68 0
RECT 208 65 210 204 0
RECT 278 65 293 65 0
RECT 44 66 49 69 0
RECT 52 66 53 68 0
RECT 59 66 60 68 0
RECT 82 66 82 69 0
RECT 84 66 84 68 0
RECT 92 66 92 66 0
RECT 167 66 167 67 0
RECT 189 66 189 205 0
RECT 206 66 207 205 0
RECT 278 66 280 66 0
RECT 50 67 51 75 0
RECT 54 67 54 67 0
RECT 85 67 85 68 0
RECT 150 67 153 67 0
RECT 204 67 205 205 0
RECT 37 68 37 68 0
RECT 43 68 43 68 0
RECT 61 68 61 69 0
RECT 81 68 81 70 0
RECT 150 68 150 68 0
RECT 190 68 203 205 0
RECT 52 69 52 69 0
RECT 59 69 59 69 0
RECT 63 69 64 70 0
RECT 169 69 169 121 0
RECT 273 69 274 69 0
RECT 41 70 41 73 0
RECT 48 70 49 72 0
RECT 58 70 58 73 0
RECT 62 70 62 70 0
RECT 67 70 67 71 0
RECT 79 70 80 72 0
RECT 89 70 89 75 0
RECT 92 70 96 70 0
RECT 167 70 168 87 0
RECT 57 71 57 72 0
RECT 64 71 66 72 0
RECT 90 71 93 71 0
RECT 161 71 163 71 0
RECT 166 71 166 86 0
RECT 267 71 271 71 0
RECT 44 72 44 72 0
RECT 55 72 56 72 0
RECT 85 72 85 72 0
RECT 90 72 90 74 0
RECT 92 72 93 72 0
RECT 97 72 97 72 0
RECT 159 72 161 72 0
RECT 267 72 270 73 0
RECT 42 73 43 73 0
RECT 49 73 49 73 0
RECT 52 73 53 77 0
RECT 80 73 80 73 0
RECT 88 73 88 76 0
RECT 91 73 92 73 0
RECT 158 73 159 73 0
RECT 164 73 165 86 0
RECT 84 74 84 74 0
RECT 86 74 87 75 0
RECT 91 74 91 74 0
RECT 156 74 157 74 0
RECT 162 74 163 85 0
RECT 267 74 268 74 0
RECT 54 75 54 84 0
RECT 81 75 83 75 0
RECT 154 75 156 75 0
RECT 267 75 267 76 0
RECT 55 76 55 76 0
RECT 61 76 61 78 0
RECT 74 76 75 76 0
RECT 81 76 82 78 0
RECT 87 76 87 76 0
RECT 153 76 155 76 0
RECT 161 76 161 86 0
RECT 74 77 74 77 0
RECT 78 77 79 77 0
RECT 152 77 153 77 0
RECT 159 77 160 86 0
RECT 53 78 53 78 0
RECT 60 78 60 78 0
RECT 79 78 80 78 0
RECT 83 78 86 78 0
RECT 98 78 98 78 0
RECT 158 78 158 80 0
RECT 50 79 51 80 0
RECT 63 79 64 80 0
RECT 68 79 71 80 0
RECT 79 79 79 79 0
RECT 82 79 84 79 0
RECT 101 79 103 79 0
RECT 156 79 157 80 0
RECT 263 79 264 80 0
RECT 52 80 53 80 0
RECT 55 80 55 86 0
RECT 84 80 84 80 0
RECT 101 80 101 80 0
RECT 155 80 155 81 0
RECT 59 81 59 88 0
RECT 69 81 70 81 0
RECT 78 81 78 81 0
RECT 82 81 83 81 0
RECT 89 81 89 81 0
RECT 153 81 154 81 0
RECT 156 81 156 81 0
RECT 56 82 58 86 0
RECT 81 82 81 82 0
RECT 158 82 158 86 0
RECT 259 82 261 83 0
RECT 53 83 53 83 0
RECT 91 83 91 86 0
RECT 49 84 52 84 0
RECT 63 84 64 95 0
RECT 87 84 88 85 0
RECT 90 84 90 86 0
RECT 102 84 103 87 0
RECT 106 84 106 84 0
RECT 153 84 157 85 0
RECT 259 84 259 85 0
RECT 50 85 51 85 0
RECT 62 85 62 93 0
RECT 89 85 89 85 0
RECT 94 85 94 87 0
RECT 104 85 104 87 0
RECT 60 86 61 87 0
RECT 71 86 71 91 0
RECT 84 86 86 89 0
RECT 95 86 97 86 0
RECT 110 86 110 86 0
RECT 154 86 157 86 0
RECT 255 86 257 86 0
RECT 58 87 58 89 0
RECT 65 87 68 88 0
RECT 92 87 93 89 0
RECT 97 87 98 90 0
RECT 105 87 105 87 0
RECT 147 87 147 87 0
RECT 255 87 256 88 0
RECT 61 88 61 91 0
RECT 69 88 69 88 0
RECT 72 88 72 91 0
RECT 99 88 99 89 0
RECT 101 88 102 89 0
RECT 168 88 168 120 0
RECT 73 89 74 89 0
RECT 100 89 100 89 0
RECT 103 89 103 89 0
RECT 151 89 152 90 0
RECT 255 89 255 89 0
RECT 65 90 66 91 0
RECT 82 90 85 91 0
RECT 94 90 96 91 0
RECT 153 90 158 93 0
RECT 164 90 167 120 0
RECT 67 91 70 91 0
RECT 97 91 97 93 0
RECT 152 91 152 92 0
RECT 159 91 163 101 0
RECT 252 91 253 91 0
RECT 68 92 70 93 0
RECT 82 92 83 93 0
RECT 95 92 96 94 0
RECT 99 92 99 93 0
RECT 252 92 252 92 0
RECT 88 93 88 94 0
RECT 55 94 55 110 0
RECT 65 94 67 102 0
RECT 69 94 70 94 0
RECT 79 94 81 94 0
RECT 87 94 87 94 0
RECT 146 94 146 97 0
RECT 154 94 158 94 0
RECT 81 95 81 97 0
RECT 84 95 86 96 0
RECT 94 95 95 95 0
RECT 155 95 158 95 0
RECT 49 96 50 96 0
RECT 64 96 64 96 0
RECT 82 96 83 96 0
RECT 87 96 90 97 0
RECT 94 96 94 96 0
RECT 147 96 147 96 0
RECT 156 96 158 96 0
RECT 246 96 248 97 0
RECT 56 97 56 123 0
RECT 73 97 74 98 0
RECT 85 97 86 99 0
RECT 157 97 158 97 0
RECT 50 98 51 101 0
RECT 72 98 72 98 0
RECT 75 98 75 98 0
RECT 87 98 87 98 0
RECT 158 98 158 98 0
RECT 246 98 247 98 0
RECT 68 99 68 99 0
RECT 84 99 84 110 0
RECT 95 99 96 99 0
RECT 151 99 151 100 0
RECT 246 99 246 101 0
RECT 57 100 57 122 0
RECT 83 100 83 109 0
RECT 85 100 85 100 0
RECT 94 100 94 100 0
RECT 152 100 152 100 0
RECT 52 101 54 102 0
RECT 79 101 80 104 0
RECT 82 101 82 108 0
RECT 97 101 97 101 0
RECT 69 102 70 102 0
RECT 78 102 78 107 0
RECT 85 102 87 108 0
RECT 160 102 163 102 0
RECT 52 103 53 105 0
RECT 66 103 68 104 0
RECT 77 103 77 109 0
RECT 81 103 81 105 0
RECT 88 103 89 107 0
RECT 92 103 92 104 0
RECT 153 103 153 104 0
RECT 161 103 163 103 0
RECT 69 104 69 107 0
RECT 74 104 75 109 0
RECT 90 104 91 106 0
RECT 93 104 93 104 0
RECT 154 104 154 109 0
RECT 162 104 163 119 0
RECT 67 105 68 105 0
RECT 70 105 70 108 0
RECT 73 105 73 109 0
RECT 76 105 76 109 0
RECT 79 105 79 105 0
RECT 137 105 139 105 0
RECT 155 105 159 116 0
RECT 68 106 68 107 0
RECT 72 106 72 118 0
RECT 135 106 138 106 0
RECT 160 106 160 118 0
RECT 90 107 90 107 0
RECT 135 107 137 107 0
RECT 161 107 161 119 0
RECT 71 108 71 109 0
RECT 134 108 136 108 0
RECT 85 109 86 109 0
RECT 133 109 135 109 0
RECT 75 110 75 110 0
RECT 85 110 85 110 0
RECT 130 110 134 110 0
RECT 142 110 142 112 0
RECT 71 111 71 117 0
RECT 73 111 73 113 0
RECT 78 111 78 115 0
RECT 129 111 132 111 0
RECT 143 111 143 118 0
RECT 128 112 131 112 0
RECT 154 112 154 118 0
RECT 127 113 129 113 0
RECT 150 113 153 122 0
RECT 74 114 74 114 0
RECT 86 114 86 115 0
RECT 127 114 128 115 0
RECT 144 114 144 120 0
RECT 146 114 149 123 0
RECT 84 115 85 117 0
RECT 145 115 145 125 0
RECT 70 116 70 116 0
RECT 73 116 73 122 0
RECT 83 116 83 118 0
RECT 155 117 157 118 0
RECT 159 117 159 117 0
RECT 74 118 75 123 0
RECT 82 118 82 120 0
RECT 58 119 58 128 0
RECT 76 119 77 120 0
RECT 81 119 81 119 0
RECT 127 119 127 121 0
RECT 156 119 157 119 0
RECT 157 120 158 120 0
RECT 59 121 59 128 0
RECT 76 121 76 124 0
RECT 81 121 81 121 0
RECT 158 121 158 121 0
RECT 166 121 166 121 0
RECT 77 122 77 124 0
RECT 79 122 80 123 0
RECT 167 122 167 125 0
RECT 150 123 151 123 0
RECT 153 123 153 123 0
RECT 172 123 173 124 0
RECT 244 123 244 214 0
RECT 78 124 79 124 0
RECT 120 124 121 124 0
RECT 146 124 147 124 0
RECT 154 124 154 124 0
RECT 168 124 168 126 0
RECT 53 125 54 153 0
RECT 78 125 78 125 0
RECT 119 125 120 126 0
RECT 146 125 146 126 0
RECT 173 125 173 125 0
RECT 52 126 52 151 0
RECT 55 126 57 137 0
RECT 76 126 77 128 0
RECT 121 126 121 128 0
RECT 169 126 169 127 0
RECT 122 127 122 131 0
RECT 125 127 126 132 0
RECT 157 127 158 127 0
RECT 170 127 170 128 0
RECT 245 127 245 214 0
RECT 123 128 123 133 0
RECT 175 128 176 131 0
RECT 124 129 124 134 0
RECT 127 129 127 134 0
RECT 128 130 128 137 0
RECT 134 130 134 162 0
RECT 161 130 161 131 0
RECT 174 130 174 130 0
RECT 135 131 135 160 0
RECT 58 132 59 136 0
RECT 136 132 136 160 0
RECT 180 132 183 206 0
RECT 126 133 126 133 0
RECT 51 134 51 149 0
RECT 114 134 120 137 0
RECT 137 134 137 159 0
RECT 246 134 246 215 0
RECT 50 135 50 141 0
RECT 69 135 72 139 0
RECT 111 135 113 138 0
RECT 121 135 121 137 0
RECT 129 135 129 166 0
RECT 68 136 68 139 0
RECT 122 136 122 138 0
RECT 130 136 130 165 0
RECT 138 136 138 158 0
RECT 58 137 58 137 0
RECT 67 137 67 137 0
RECT 73 137 73 138 0
RECT 123 137 125 139 0
RECT 131 137 133 163 0
RECT 139 137 139 157 0
RECT 162 137 163 142 0
RECT 175 137 175 140 0
RECT 179 137 179 211 0
RECT 55 138 56 147 0
RECT 110 138 110 145 0
RECT 120 138 120 138 0
RECT 140 138 142 141 0
RECT 153 138 153 140 0
RECT 164 138 167 142 0
RECT 170 138 174 141 0
RECT 111 139 112 139 0
RECT 126 139 126 142 0
RECT 154 139 155 141 0
RECT 161 139 161 142 0
RECT 168 139 169 214 0
RECT 178 139 178 140 0
RECT 49 140 49 140 0
RECT 71 140 72 140 0
RECT 109 140 109 144 0
RECT 124 140 125 141 0
RECT 127 140 128 144 0
RECT 143 140 144 141 0
RECT 156 140 160 142 0
RECT 247 140 247 217 0
RECT 57 141 57 145 0
RECT 71 141 71 142 0
RECT 111 141 112 143 0
RECT 58 142 58 143 0
RECT 70 142 70 168 0
RECT 113 142 115 143 0
RECT 140 142 141 156 0
RECT 155 142 155 142 0
RECT 170 142 171 142 0
RECT 178 142 178 211 0
RECT 50 143 50 148 0
RECT 69 143 69 167 0
RECT 142 143 144 156 0
RECT 157 143 158 143 0
RECT 176 143 177 211 0
RECT 68 144 68 166 0
RECT 111 144 111 144 0
RECT 145 144 145 163 0
RECT 158 144 158 144 0
RECT 167 144 167 216 0
RECT 172 144 175 211 0
RECT 49 145 49 146 0
RECT 71 145 72 169 0
RECT 88 145 88 145 0
RECT 128 145 128 167 0
RECT 146 145 147 166 0
RECT 170 145 171 213 0
RECT 248 145 248 217 0
RECT 67 146 67 166 0
RECT 73 146 73 171 0
RECT 127 146 127 168 0
RECT 148 146 150 171 0
RECT 161 146 166 206 0
RECT 74 147 75 172 0
RECT 126 147 126 169 0
RECT 151 147 152 172 0
RECT 157 147 160 179 0
RECT 55 148 55 151 0
RECT 66 148 66 165 0
RECT 95 148 96 151 0
RECT 153 148 156 174 0
RECT 123 149 125 150 0
RECT 65 150 65 165 0
RECT 76 150 80 173 0
RECT 83 150 90 178 0
RECT 97 150 97 153 0
RECT 104 150 105 151 0
RECT 121 150 122 150 0
RECT 249 150 249 217 0
RECT 64 151 64 164 0
RECT 81 151 82 177 0
RECT 91 151 91 180 0
RECT 98 151 98 156 0
RECT 103 151 103 154 0
RECT 96 152 96 152 0
RECT 104 152 104 157 0
RECT 110 152 110 153 0
RECT 99 153 99 157 0
RECT 111 153 114 154 0
RECT 250 153 250 217 0
RECT 53 154 53 157 0
RECT 63 154 63 163 0
RECT 105 154 105 160 0
RECT 115 154 117 156 0
RECT 251 154 251 217 0
RECT 112 155 114 155 0
RECT 118 155 120 158 0
RECT 52 156 52 158 0
RECT 62 156 62 163 0
RECT 94 156 96 180 0
RECT 106 156 107 160 0
RECT 121 156 125 170 0
RECT 116 157 117 157 0
RECT 140 157 140 157 0
RECT 143 157 144 158 0
RECT 108 158 111 160 0
RECT 252 158 252 216 0
RECT 97 159 97 181 0
RECT 112 159 112 161 0
RECT 119 159 120 174 0
RECT 144 159 144 159 0
RECT 253 159 253 216 0
RECT 58 160 58 161 0
RECT 98 160 98 180 0
RECT 113 160 114 160 0
RECT 51 161 51 161 0
RECT 57 161 57 164 0
RECT 61 161 61 164 0
RECT 92 161 92 180 0
RECT 99 161 99 179 0
RECT 111 161 111 161 0
RECT 113 161 113 161 0
RECT 254 161 254 217 0
RECT 56 162 56 166 0
RECT 60 162 60 165 0
RECT 100 162 100 179 0
RECT 118 162 118 175 0
RECT 255 162 256 217 0
RECT 55 163 55 168 0
RECT 93 163 93 180 0
RECT 101 163 101 179 0
RECT 117 163 117 176 0
RECT 59 164 59 166 0
RECT 102 164 104 178 0
RECT 116 164 116 176 0
RECT 131 164 131 165 0
RECT 58 165 58 166 0
RECT 107 165 110 179 0
RECT 115 165 115 177 0
RECT 257 165 257 218 0
RECT 54 166 54 170 0
RECT 105 166 106 179 0
RECT 111 166 114 177 0
RECT 258 166 258 224 0
RECT 147 167 147 169 0
RECT 259 167 259 224 0
RECT 53 169 53 175 0
RECT 260 169 261 224 0
RECT 121 171 124 171 0
RECT 262 171 262 187 0
RECT 52 172 52 174 0
RECT 121 172 121 173 0
RECT 150 172 150 172 0
RECT 46 173 46 174 0
RECT 75 173 75 173 0
RECT 152 173 152 173 0
RECT 50 174 51 174 0
RECT 78 174 80 174 0
RECT 263 174 263 185 0
RECT 49 175 49 175 0
RECT 79 175 80 175 0
RECT 154 175 156 175 0
RECT 264 175 264 185 0
RECT 80 176 80 176 0
RECT 155 176 156 176 0
RECT 47 177 48 177 0
RECT 156 177 156 177 0
RECT 265 177 265 184 0
RECT 47 178 47 178 0
RECT 82 178 82 179 0
RECT 111 178 113 178 0
RECT 266 178 266 182 0
RECT 83 179 83 179 0
RECT 86 179 90 179 0
RECT 111 179 112 179 0
RECT 267 179 267 182 0
RECT 46 180 46 181 0
RECT 88 180 90 180 0
RECT 158 180 160 181 0
RECT 95 181 96 181 0
RECT 268 181 268 182 0
RECT 159 182 160 200 0
RECT 269 182 269 182 0
RECT 34 185 34 185 0
RECT 44 185 44 185 0
RECT 33 186 33 186 0
RECT 158 186 158 189 0
RECT 42 189 42 189 0
RECT 158 191 158 195 0
RECT 262 192 262 224 0
RECT 41 193 41 193 0
RECT 263 194 263 225 0
RECT 264 196 264 225 0
RECT 265 197 265 225 0
RECT 266 199 266 225 0
RECT 267 200 267 225 0
RECT 160 201 160 201 0
RECT 268 202 269 225 0
RECT 270 204 270 225 0
RECT 214 205 220 205 0
RECT 184 206 184 206 0
RECT 196 206 200 206 0
RECT 220 206 220 206 0
RECT 271 206 271 225 0
RECT 162 207 166 213 0
RECT 180 207 182 208 0
RECT 272 207 272 225 0
RECT 225 208 225 208 0
RECT 180 209 181 209 0
RECT 227 209 228 209 0
RECT 180 210 180 210 0
RECT 233 210 233 210 0
RECT 235 211 237 211 0
RECT 172 212 173 213 0
RECT 239 212 243 213 0
RECT 273 212 273 223 0
RECT 163 214 166 216 0
RECT 170 214 170 214 0
RECT 242 214 243 214 0
RECT 274 214 274 223 0
RECT 168 215 168 216 0
RECT 275 215 275 222 0
RECT 164 217 166 217 0
RECT 245 217 246 217 0
RECT 276 217 276 222 0
RECT 166 218 166 219 0
RECT 244 218 244 218 0
RECT 256 218 256 218 0
RECT 277 218 277 222 0
RECT 161 219 162 224 0
RECT 165 219 165 221 0
RECT 159 220 160 226 0
RECT 163 220 164 221 0
RECT 158 222 158 227 0
RECT 163 222 163 222 0
RECT 210 222 214 222 0
RECT 257 222 257 223 0
RECT 278 222 278 224 0
RECT 212 223 218 224 0
RECT 157 224 157 228 0
RECT 219 224 219 225 0
RECT 156 225 156 229 0
RECT 161 225 161 226 0
RECT 216 225 218 225 0
RECT 220 225 222 235 0
RECT 223 226 230 235 0
RECT 235 226 241 227 0
RECT 196 227 197 227 0
RECT 231 227 231 239 0
RECT 234 227 234 242 0
RECT 155 228 155 229 0
RECT 197 228 208 229 0
RECT 214 228 215 240 0
RECT 218 228 219 237 0
RECT 232 228 233 240 0
RECT 235 228 238 228 0
RECT 209 229 209 232 0
RECT 216 229 216 240 0
RECT 235 229 237 232 0
RECT 199 230 208 230 0
RECT 210 230 213 232 0
RECT 217 230 217 238 0
RECT 238 230 238 232 0
RECT 201 231 208 231 0
RECT 239 231 240 232 0
RECT 205 232 208 232 0
RECT 213 233 213 243 0
RECT 235 233 236 233 0
RECT 212 234 212 243 0
RECT 235 234 235 243 0
RECT 190 235 191 237 0
RECT 209 235 211 245 0
RECT 189 236 189 236 0
RECT 192 236 204 238 0
RECT 207 236 208 248 0
RECT 220 236 221 236 0
RECT 228 236 230 236 0
RECT 284 236 284 237 0
RECT 152 237 152 238 0
RECT 205 237 206 238 0
RECT 229 237 230 237 0
RECT 236 237 237 244 0
RECT 239 237 240 239 0
RECT 285 237 285 238 0
RECT 230 238 230 238 0
RECT 238 238 238 246 0
RECT 241 238 247 238 0
RECT 151 239 151 240 0
RECT 196 239 201 239 0
RECT 206 239 206 239 0
RECT 245 239 253 239 0
RECT 150 240 150 242 0
RECT 198 240 200 240 0
RECT 247 240 254 240 0
RECT 286 240 286 241 0
RECT 149 241 149 243 0
RECT 214 241 214 241 0
RECT 233 241 233 241 0
RECT 249 241 256 241 0
RECT 148 242 148 244 0
RECT 205 242 206 249 0
RECT 239 242 239 248 0
RECT 287 242 287 243 0
RECT 240 243 240 248 0
RECT 288 243 288 245 0
RECT 146 244 147 246 0
RECT 204 245 204 251 0
RECT 237 245 237 245 0
RECT 241 245 241 249 0
RECT 289 245 289 248 0
RECT 145 246 145 249 0
RECT 200 246 203 252 0
RECT 209 246 210 246 0
RECT 146 247 146 247 0
RECT 195 247 199 254 0
RECT 209 247 209 247 0
RECT 242 247 242 249 0
RECT 144 248 144 251 0
RECT 190 248 194 259 0
RECT 290 248 290 250 0
RECT 143 249 143 251 0
RECT 243 249 243 251 0
RECT 291 249 291 251 0
RECT 205 250 205 250 0
RECT 244 250 245 252 0
RECT 292 250 292 254 0
RECT 189 251 189 264 0
RECT 142 252 142 253 0
RECT 187 252 188 264 0
RECT 246 252 246 254 0
RECT 293 252 293 256 0
RECT 186 253 186 266 0
RECT 200 253 202 253 0
RECT 247 253 247 256 0
RECT 185 254 185 267 0
RECT 200 254 200 254 0
RECT 140 255 141 256 0
RECT 184 255 184 268 0
RECT 195 255 198 256 0
RECT 248 255 248 256 0
RECT 294 255 294 257 0
RECT 183 256 183 269 0
RECT 140 257 140 257 0
RECT 195 257 197 257 0
RECT 249 257 249 257 0
RECT 182 258 182 270 0
RECT 195 258 195 258 0
RECT 250 258 250 259 0
RECT 139 259 139 259 0
RECT 251 259 251 259 0
RECT 138 260 138 261 0
RECT 180 260 181 271 0
RECT 190 260 193 260 0
RECT 190 261 192 261 0
RECT 252 261 252 261 0
RECT 137 262 137 263 0
RECT 178 262 179 272 0
RECT 190 262 191 262 0
RECT 296 262 296 263 0
RECT 136 263 136 265 0
RECT 177 263 177 274 0
RECT 135 264 135 265 0
RECT 176 264 176 275 0
RECT 134 265 134 267 0
RECT 175 265 175 276 0
RECT 187 265 187 266 0
RECT 297 265 297 265 0
RECT 172 266 174 278 0
RECT 298 266 298 266 0
RECT 133 267 133 269 0
RECT 132 268 132 270 0
RECT 170 268 171 283 0
RECT 169 269 169 285 0
RECT 167 270 168 286 0
RECT 166 271 166 287 0
RECT 180 272 180 272 0
RECT 164 273 165 288 0
RECT 178 273 178 273 0
RECT 163 274 163 289 0
RECT 162 275 162 291 0
RECT 265 275 266 277 0
RECT 161 276 161 293 0
RECT 267 276 267 279 0
RECT 159 277 160 296 0
RECT 266 278 266 278 0
RECT 268 278 269 281 0
RECT 156 279 158 299 0
RECT 172 279 173 280 0
RECT 270 279 270 283 0
RECT 154 280 155 302 0
RECT 271 280 272 285 0
RECT 153 281 153 303 0
RECT 172 281 172 281 0
RECT 273 281 273 288 0
RECT 304 281 304 339 0
RECT 151 282 152 304 0
RECT 269 282 269 282 0
RECT 305 282 305 359 0
RECT 150 283 150 306 0
RECT 148 284 149 307 0
RECT 146 286 147 309 0
RECT 272 286 272 286 0
RECT 274 286 274 293 0
RECT 306 286 306 362 0
RECT 144 287 145 310 0
RECT 275 287 275 293 0
RECT 303 287 303 337 0
RECT 307 287 307 364 0
RECT 142 288 143 312 0
RECT 120 289 120 294 0
RECT 140 289 141 313 0
RECT 308 289 308 365 0
RECT 119 290 119 295 0
RECT 138 290 139 316 0
RECT 302 290 302 325 0
RECT 137 291 137 320 0
RECT 135 292 136 321 0
RECT 276 292 277 294 0
RECT 285 292 285 301 0
RECT 300 292 301 299 0
RECT 134 293 134 323 0
RECT 278 293 278 296 0
RECT 284 293 284 301 0
RECT 296 293 297 304 0
RECT 294 294 295 303 0
RECT 298 294 299 301 0
RECT 117 295 118 296 0
RECT 288 295 293 297 0
RECT 309 295 309 371 0
RECT 116 296 116 297 0
RECT 287 296 287 299 0
RECT 117 297 117 297 0
RECT 159 297 159 297 0
RECT 286 297 286 299 0
RECT 114 298 115 300 0
RECT 132 298 133 325 0
RECT 288 298 288 299 0
RECT 292 298 293 299 0
RECT 130 300 131 309 0
RECT 156 300 157 301 0
RECT 293 300 293 302 0
RECT 310 300 310 370 0
RECT 113 301 114 301 0
RECT 283 301 283 301 0
RECT 113 302 113 302 0
RECT 128 302 129 310 0
RECT 278 302 278 309 0
RECT 298 302 298 302 0
RECT 301 302 301 315 0
RECT 127 303 127 313 0
RECT 300 303 300 310 0
RECT 126 304 126 314 0
RECT 295 304 295 304 0
RECT 125 305 125 315 0
RECT 124 306 124 315 0
RECT 123 307 123 316 0
RECT 122 308 122 317 0
RECT 148 308 148 308 0
RECT 279 308 279 310 0
RECT 121 309 121 317 0
RECT 280 309 280 310 0
RECT 131 310 131 310 0
RECT 146 310 146 310 0
RECT 311 310 311 365 0
RECT 120 311 120 318 0
RECT 128 311 128 312 0
RECT 144 311 144 312 0
RECT 119 312 119 318 0
RECT 312 312 312 365 0
RECT 118 313 118 320 0
RECT 142 313 142 313 0
RECT 140 314 140 314 0
RECT 117 315 117 316 0
RECT 131 315 131 327 0
RECT 130 316 130 327 0
RECT 313 316 313 345 0
RECT 129 317 129 329 0
RECT 138 317 138 318 0
RECT 117 318 117 321 0
RECT 128 318 128 331 0
RECT 116 319 116 321 0
RECT 127 319 127 331 0
RECT 314 320 314 337 0
RECT 126 321 126 333 0
RECT 315 321 315 336 0
RECT 125 322 125 334 0
RECT 124 323 124 334 0
RECT 101 324 101 325 0
RECT 123 324 123 336 0
RECT 100 325 100 326 0
RECT 122 325 122 339 0
RECT 121 326 121 341 0
RECT 316 326 316 334 0
RECT 97 327 99 327 0
RECT 120 327 120 342 0
RECT 302 327 302 331 0
RECT 97 328 98 328 0
RECT 119 328 119 342 0
RECT 317 328 317 333 0
RECT 97 329 97 330 0
RECT 116 329 118 343 0
RECT 114 330 115 342 0
RECT 96 331 96 336 0
RECT 318 331 318 332 0
RECT 95 332 95 335 0
RECT 113 332 113 342 0
RECT 286 333 287 333 0
RECT 111 334 112 342 0
RECT 287 334 288 336 0
RECT 97 335 97 382 0
RECT 110 335 110 342 0
RECT 98 337 98 382 0
RECT 109 337 109 342 0
RECT 289 337 290 338 0
RECT 95 338 96 382 0
RECT 107 338 108 345 0
RECT 291 338 292 342 0
RECT 94 339 94 382 0
RECT 290 339 290 344 0
RECT 105 340 106 349 0
RECT 293 340 293 341 0
RECT 93 341 93 382 0
RECT 103 341 104 355 0
RECT 92 342 92 382 0
RECT 99 342 99 382 0
RECT 102 342 102 359 0
RECT 90 343 91 347 0
RECT 100 343 101 365 0
RECT 115 343 115 343 0
RECT 291 343 291 348 0
RECT 89 345 89 347 0
RECT 107 346 107 348 0
RECT 303 346 304 357 0
RECT 88 347 88 349 0
RECT 292 347 292 349 0
RECT 302 347 302 364 0
RECT 313 347 313 362 0
RECT 87 348 87 350 0
RECT 293 348 294 349 0
RECT 297 348 301 366 0
RECT 295 349 296 352 0
RECT 314 349 314 361 0
RECT 86 350 86 351 0
RECT 105 350 105 350 0
RECT 294 350 294 350 0
RECT 315 350 315 361 0
RECT 316 351 316 362 0
RECT 85 352 85 352 0
RECT 317 352 317 362 0
RECT 84 353 84 353 0
RECT 91 353 91 362 0
RECT 296 353 296 355 0
RECT 83 354 83 356 0
RECT 90 354 90 361 0
RECT 318 354 318 365 0
RECT 82 356 82 357 0
RECT 103 356 103 356 0
RECT 81 357 81 358 0
RECT 89 358 89 360 0
RECT 303 358 303 360 0
RECT 319 358 319 371 0
RECT 320 361 320 371 0
RECT 74 362 77 362 0
RECT 74 363 74 363 0
RECT 296 364 296 382 0
RECT 321 364 321 371 0
RECT 100 366 100 382 0
RECT 295 366 295 382 0
RECT 322 366 322 371 0
RECT 68 367 70 368 0
RECT 82 367 89 382 0
RECT 101 367 101 382 0
RECT 297 367 300 370 0
RECT 323 367 323 371 0
RECT 90 368 91 382 0
RECT 294 368 294 382 0
RECT 70 369 70 369 0
RECT 318 369 318 371 0
RECT 324 369 325 371 0
RECT 81 371 81 384 0
RECT 297 371 299 383 0
RECT 79 372 80 384 0
RECT 293 372 293 381 0
RECT 78 373 78 384 0
RECT 102 373 102 382 0
RECT 62 374 62 382 0
RECT 77 374 77 384 0
RECT 292 374 292 381 0
RECT 63 375 64 383 0
RECT 76 375 76 384 0
RECT 61 376 61 382 0
RECT 74 376 75 384 0
RECT 60 377 60 381 0
RECT 65 377 73 382 0
RECT 326 377 330 386 0
RECT 103 378 118 382 0
RECT 321 378 321 384 0
RECT 324 378 325 384 0
RECT 119 379 125 382 0
RECT 129 379 137 383 0
RECT 320 379 320 384 0
RECT 322 379 323 384 0
RECT 331 379 331 386 0
RECT 126 380 128 383 0
RECT 138 380 149 383 0
RECT 151 380 158 383 0
RECT 206 380 208 387 0
RECT 214 380 240 386 0
RECT 300 380 309 381 0
RECT 315 380 319 383 0
RECT 332 380 332 386 0
RECT 150 381 150 383 0
RECT 159 381 168 384 0
RECT 198 381 205 387 0
RECT 209 381 213 387 0
RECT 241 381 251 385 0
RECT 310 381 310 383 0
RECT 313 381 314 383 0
RECT 333 381 333 386 0
RECT 169 382 197 384 0
RECT 252 382 263 384 0
RECT 265 382 266 384 0
RECT 300 382 301 384 0
RECT 306 382 309 382 0
RECT 311 382 312 383 0
RECT 65 383 68 383 0
RECT 73 383 73 383 0
RECT 82 383 85 384 0
RECT 124 383 125 383 0
RECT 264 383 264 384 0
RECT 267 383 268 383 0
RECT 302 383 302 385 0
RECT 334 383 336 385 0
RECT 347 383 355 384 0
RECT 358 383 365 384 0
RECT 65 384 67 384 0
RECT 132 384 142 384 0
RECT 156 384 158 384 0
RECT 267 384 267 384 0
RECT 299 384 299 384 0
RECT 303 384 303 385 0
RECT 311 384 311 384 0
RECT 316 384 319 384 0
RECT 337 384 346 385 0
RECT 356 384 357 385 0
RECT 366 384 366 384 0
RECT 182 385 197 385 0
RECT 252 385 257 385 0
RECT 304 385 304 385 0
RECT 347 385 350 385 0
RECT 354 385 355 385 0
RECT 358 385 360 385 0
RECT 185 386 197 387 0
RECT 241 386 244 386 0
RECT 247 386 247 386 0
RECT 305 386 306 386 0
RECT 325 386 325 386 0
RECT 214 387 217 387 0
RECT 318 387 318 387 0
RECT 322 387 322 387 0
RECT 328 387 328 387 0
RECT 188 388 199 388 0
RECT 0 0 399 29 1
RECT 0 30 159 30 1
RECT 166 30 167 30 1
RECT 172 30 399 30 1
RECT 0 31 156 31 1
RECT 175 31 399 31 1
RECT 0 32 155 32 1
RECT 177 32 399 35 1
RECT 0 33 150 33 1
RECT 172 33 176 35 1
RECT 0 34 149 34 1
RECT 171 34 171 35 1
RECT 0 35 148 35 1
RECT 0 36 146 36 1
RECT 172 36 174 36 1
RECT 181 36 399 36 1
RECT 0 37 145 37 1
RECT 182 37 399 37 1
RECT 0 38 144 38 1
RECT 183 38 399 40 1
RECT 0 39 143 39 1
RECT 178 39 179 45 1
RECT 0 40 142 42 1
RECT 174 40 177 45 1
RECT 165 41 173 49 1
RECT 180 41 304 41 1
RECT 314 41 399 45 1
RECT 162 42 164 62 1
RECT 180 42 294 42 1
RECT 313 42 313 57 1
RECT 0 43 87 43 1
RECT 89 43 142 43 1
RECT 161 43 161 64 1
RECT 180 43 291 43 1
RECT 311 43 312 57 1
RECT 0 44 86 45 1
RECT 90 44 141 45 1
RECT 158 44 160 64 1
RECT 180 44 277 44 1
RECT 310 44 310 55 1
RECT 156 45 157 46 1
RECT 180 45 275 45 1
RECT 0 46 85 47 1
RECT 90 46 91 47 1
RECT 95 46 141 49 1
RECT 154 46 155 46 1
RECT 174 46 176 49 1
RECT 179 46 272 46 1
RECT 314 46 344 46 1
RECT 347 46 399 382 1
RECT 86 47 86 49 1
RECT 177 47 179 49 1
RECT 181 47 266 47 1
RECT 314 47 336 47 1
RECT 345 47 346 50 1
RECT 0 48 82 49 1
RECT 84 48 85 48 1
RECT 87 48 90 48 1
RECT 94 48 94 59 1
RECT 181 48 265 48 1
RECT 314 48 334 48 1
RECT 87 49 87 49 1
RECT 91 49 93 49 1
RECT 183 49 262 49 1
RECT 309 49 309 54 1
RECT 314 49 328 49 1
RECT 342 49 344 50 1
RECT 0 50 52 57 1
RECT 54 50 82 50 1
RECT 85 50 85 51 1
RECT 92 50 93 62 1
RECT 95 50 140 57 1
RECT 157 50 157 52 1
RECT 165 50 172 60 1
RECT 174 50 175 59 1
RECT 183 50 258 50 1
RECT 314 50 318 58 1
RECT 341 50 341 50 1
RECT 57 51 83 51 1
RECT 173 51 173 60 1
RECT 176 51 176 59 1
RECT 182 51 254 51 1
RECT 319 51 319 357 1
RECT 346 51 346 383 1
RECT 53 52 53 62 1
RECT 58 52 83 53 1
RECT 141 52 141 56 1
RECT 177 52 179 57 1
RECT 181 52 251 52 1
RECT 320 52 322 360 1
RECT 84 53 84 56 1
RECT 86 53 86 57 1
RECT 90 53 91 69 1
RECT 180 53 249 53 1
RECT 323 53 324 366 1
RECT 60 54 81 54 1
RECT 83 54 83 56 1
RECT 87 54 89 54 1
RECT 142 54 142 55 1
RECT 149 54 155 56 1
RECT 180 54 245 54 1
RECT 325 54 325 368 1
RECT 342 54 345 383 1
RECT 54 55 54 65 1
RECT 60 55 67 55 1
RECT 69 55 82 55 1
RECT 88 55 89 68 1
RECT 146 55 148 56 1
RECT 180 55 243 55 1
RECT 326 55 327 376 1
RECT 338 55 341 383 1
RECT 55 56 55 62 1
RECT 60 56 65 57 1
RECT 70 56 82 56 1
RECT 85 56 85 60 1
RECT 87 56 87 57 1
RECT 156 56 157 73 1
RECT 180 56 237 56 1
RECT 328 56 328 376 1
RECT 337 56 337 383 1
RECT 56 57 56 63 1
RECT 68 57 81 57 1
RECT 146 57 147 57 1
RECT 150 57 155 59 1
RECT 180 57 183 57 1
RECT 188 57 233 57 1
RECT 329 57 331 376 1
RECT 335 57 336 59 1
RECT 0 58 32 186 1
RECT 34 58 48 58 1
RECT 50 58 52 58 1
RECT 59 58 62 58 1
RECT 67 58 79 59 1
RECT 95 58 139 58 1
RECT 147 58 149 58 1
RECT 177 58 177 58 1
RECT 190 58 229 58 1
RECT 332 58 334 379 1
RECT 34 59 45 59 1
RECT 47 59 48 64 1
RECT 50 59 50 62 1
RECT 52 59 52 61 1
RECT 59 59 61 59 1
RECT 64 59 64 60 1
RECT 66 59 66 59 1
RECT 80 59 80 59 1
RECT 96 59 139 59 1
RECT 148 59 149 61 1
RECT 190 59 228 59 1
RECT 316 59 318 59 1
RECT 34 60 40 60 1
RECT 49 60 49 64 1
RECT 60 60 61 60 1
RECT 63 60 63 61 1
RECT 68 60 79 65 1
RECT 83 60 83 60 1
RECT 86 60 87 60 1
RECT 96 60 138 60 1
RECT 151 60 155 66 1
RECT 190 60 225 60 1
RECT 305 60 305 281 1
RECT 318 60 318 330 1
RECT 336 60 336 382 1
RECT 35 61 39 61 1
RECT 44 61 44 61 1
RECT 60 61 60 64 1
RECT 62 61 62 62 1
RECT 81 61 82 61 1
RECT 86 61 86 64 1
RECT 95 61 137 61 1
RECT 150 61 150 66 1
RECT 165 61 169 61 1
RECT 190 61 222 61 1
RECT 306 61 306 285 1
RECT 316 61 316 325 1
RECT 43 62 43 63 1
RECT 46 62 46 65 1
RECT 61 62 61 63 1
RECT 67 62 67 68 1
RECT 80 62 80 65 1
RECT 95 62 136 62 1
RECT 149 62 149 63 1
RECT 165 62 166 62 1
RECT 189 62 220 62 1
RECT 302 62 304 280 1
RECT 307 62 315 286 1
RECT 317 62 317 327 1
RECT 335 62 335 382 1
RECT 33 63 35 184 1
RECT 42 63 42 63 1
RECT 65 63 66 64 1
RECT 84 63 85 64 1
RECT 87 63 87 72 1
RECT 92 63 92 64 1
RECT 95 63 135 64 1
RECT 162 63 163 63 1
RECT 189 63 211 63 1
RECT 297 63 301 264 1
RECT 36 64 36 64 1
RECT 81 64 81 66 1
RECT 144 64 146 93 1
RECT 189 64 210 64 1
RECT 296 64 296 261 1
RECT 45 65 45 65 1
RECT 47 65 47 65 1
RECT 50 65 50 65 1
RECT 55 65 55 65 1
RECT 66 65 66 69 1
RECT 85 65 85 65 1
RECT 94 65 97 65 1
RECT 99 65 143 67 1
RECT 147 65 147 86 1
RECT 158 65 158 72 1
RECT 164 65 167 65 1
RECT 189 65 207 65 1
RECT 294 65 295 254 1
RECT 36 66 36 67 1
RECT 56 66 57 67 1
RECT 65 66 65 68 1
RECT 68 66 78 68 1
RECT 86 66 86 71 1
RECT 94 66 94 69 1
RECT 159 66 166 70 1
RECT 190 66 205 66 1
RECT 281 66 293 235 1
RECT 39 67 40 70 1
RECT 98 67 98 68 1
RECT 154 67 155 74 1
RECT 190 67 203 67 1
RECT 278 67 280 221 1
RECT 38 68 38 180 1
RECT 41 68 41 68 1
RECT 55 68 56 69 1
RECT 79 68 79 69 1
RECT 100 68 143 74 1
RECT 151 68 153 75 1
RECT 167 68 167 69 1
RECT 276 68 277 216 1
RECT 36 69 36 399 1
RECT 69 69 78 70 1
RECT 88 69 88 69 1
RECT 97 69 97 70 1
RECT 149 69 150 112 1
RECT 168 69 168 69 1
RECT 275 69 275 214 1
RECT 37 70 37 399 1
RECT 53 70 54 70 1
RECT 60 70 60 70 1
RECT 83 70 84 70 1
RECT 90 70 90 70 1
RECT 99 70 99 76 1
RECT 148 70 148 113 1
RECT 273 70 274 211 1
RECT 39 71 39 179 1
RECT 68 71 75 72 1
RECT 77 71 77 71 1
RECT 88 71 88 72 1
RECT 159 71 160 71 1
RECT 164 71 165 72 1
RECT 272 71 272 206 1
RECT 46 72 46 72 1
RECT 94 72 95 72 1
RECT 162 72 163 73 1
RECT 271 72 271 205 1
RECT 48 73 48 83 1
RECT 55 73 55 74 1
RECT 68 73 68 73 1
RECT 73 73 75 73 1
RECT 97 73 98 75 1
RECT 160 73 161 75 1
RECT 44 74 45 74 1
RECT 47 74 47 83 1
RECT 65 74 67 74 1
RECT 74 74 75 74 1
RECT 77 74 79 75 1
RECT 94 74 94 75 1
RECT 158 74 159 76 1
RECT 269 74 270 181 1
RECT 40 75 43 177 1
RECT 49 75 49 78 1
RECT 66 75 66 75 1
RECT 80 75 80 76 1
RECT 96 75 96 75 1
RECT 100 75 101 75 1
RECT 103 75 143 77 1
RECT 157 75 157 78 1
RECT 268 75 268 180 1
RECT 44 76 46 171 1
RECT 50 76 50 78 1
RECT 84 76 86 77 1
RECT 89 76 93 77 1
RECT 101 76 101 77 1
RECT 151 76 152 76 1
RECT 156 76 156 78 1
RECT 160 76 160 76 1
RECT 100 77 100 77 1
RECT 151 77 151 88 1
RECT 154 77 155 79 1
RECT 158 77 158 77 1
RECT 267 77 267 178 1
RECT 51 78 51 78 1
RECT 56 78 56 78 1
RECT 78 78 78 78 1
RECT 89 78 92 79 1
RECT 96 78 97 79 1
RECT 104 78 143 78 1
RECT 152 78 153 80 1
RECT 266 78 266 177 1
RECT 88 79 88 80 1
RECT 93 79 95 79 1
RECT 105 79 143 83 1
RECT 265 79 265 176 1
RECT 80 80 80 81 1
RECT 85 80 85 84 1
RECT 87 80 87 80 1
RECT 94 80 95 81 1
RECT 97 80 99 83 1
RECT 154 80 154 80 1
RECT 49 81 50 82 1
RECT 57 81 57 81 1
RECT 61 81 61 84 1
RECT 79 81 79 81 1
RECT 86 81 86 84 1
RECT 96 81 96 81 1
RECT 100 81 101 82 1
RECT 104 81 104 82 1
RECT 152 81 152 88 1
RECT 157 81 158 81 1
RECT 263 81 264 173 1
RECT 51 82 51 82 1
RECT 83 82 84 84 1
RECT 87 82 88 82 1
RECT 153 82 157 83 1
RECT 262 82 262 170 1
RECT 49 83 49 83 1
RECT 89 83 89 83 1
RECT 93 83 93 83 1
RECT 100 83 100 83 1
RECT 82 84 82 86 1
RECT 98 84 99 84 1
RECT 108 84 143 84 1
RECT 260 84 261 168 1
RECT 47 85 48 168 1
RECT 83 85 83 85 1
RECT 99 85 99 86 1
RECT 108 85 108 85 1
RECT 110 85 143 85 1
RECT 49 86 49 95 1
RECT 52 86 53 100 1
RECT 65 86 65 86 1
RECT 88 86 88 91 1
RECT 111 86 143 104 1
RECT 153 86 153 89 1
RECT 162 86 163 90 1
RECT 258 86 259 165 1
RECT 50 87 51 95 1
RECT 54 87 54 100 1
RECT 89 87 89 90 1
RECT 108 87 110 137 1
RECT 154 87 161 89 1
RECT 164 87 166 89 1
RECT 257 87 257 164 1
RECT 55 88 56 93 1
RECT 90 88 90 89 1
RECT 147 88 147 95 1
RECT 167 88 167 89 1
RECT 87 89 87 91 1
RECT 91 89 91 89 1
RECT 104 89 107 89 1
RECT 256 89 256 161 1
RECT 59 90 59 90 1
RECT 102 90 102 163 1
RECT 105 90 107 149 1
RECT 159 90 161 90 1
RECT 255 90 255 161 1
RECT 57 91 57 99 1
RECT 60 91 60 161 1
RECT 103 91 104 149 1
RECT 151 91 151 98 1
RECT 254 91 254 160 1
RECT 58 92 58 118 1
RECT 85 92 86 92 1
RECT 101 92 101 93 1
RECT 253 92 253 158 1
RECT 61 93 61 160 1
RECT 84 93 85 93 1
RECT 92 93 93 93 1
RECT 152 93 152 99 1
RECT 252 93 252 157 1
RECT 56 94 56 96 1
RECT 59 94 59 120 1
RECT 144 94 145 113 1
RECT 153 94 153 102 1
RECT 250 94 251 152 1
RECT 62 95 62 155 1
RECT 99 95 99 95 1
RECT 101 95 101 162 1
RECT 154 95 154 103 1
RECT 51 96 51 97 1
RECT 96 96 96 96 1
RECT 155 96 155 104 1
RECT 249 96 249 149 1
RECT 49 97 50 97 1
RECT 83 97 83 98 1
RECT 95 97 95 97 1
RECT 98 97 100 100 1
RECT 147 97 147 113 1
RECT 156 97 156 104 1
RECT 49 98 49 139 1
RECT 63 98 63 153 1
RECT 82 98 82 99 1
RECT 89 98 94 98 1
RECT 97 98 97 99 1
RECT 146 98 146 113 1
RECT 157 98 157 104 1
RECT 248 98 248 144 1
RECT 89 99 93 99 1
RECT 158 99 158 104 1
RECT 247 99 247 139 1
RECT 64 100 64 150 1
RECT 81 100 81 101 1
RECT 87 100 92 100 1
RECT 68 101 68 101 1
RECT 89 101 93 102 1
RECT 99 101 100 152 1
RECT 151 101 152 112 1
RECT 50 102 51 133 1
RECT 94 102 96 102 1
RECT 159 102 159 104 1
RECT 246 102 246 133 1
RECT 54 103 54 124 1
RECT 96 103 98 104 1
RECT 160 103 160 105 1
RECT 244 103 245 122 1
RECT 65 104 65 149 1
RECT 161 104 161 106 1
RECT 94 105 94 155 1
RECT 97 105 98 149 1
RECT 111 105 136 105 1
RECT 140 105 143 109 1
RECT 153 105 153 112 1
RECT 52 106 53 124 1
RECT 66 106 66 147 1
RECT 79 106 80 109 1
RECT 92 106 92 160 1
RECT 111 106 134 107 1
RECT 139 106 139 136 1
RECT 138 107 138 135 1
RECT 67 108 67 136 1
RECT 81 108 81 117 1
RECT 89 108 91 109 1
RECT 93 108 93 162 1
RECT 95 108 96 147 1
RECT 111 108 133 108 1
RECT 137 108 137 133 1
RECT 111 109 132 109 1
RECT 136 109 136 131 1
RECT 68 110 69 134 1
RECT 82 110 82 115 1
RECT 90 110 91 149 1
RECT 111 110 129 110 1
RECT 135 110 135 130 1
RECT 140 110 141 137 1
RECT 143 110 143 110 1
RECT 154 110 154 111 1
RECT 55 111 55 125 1
RECT 80 111 80 117 1
RECT 83 111 83 113 1
RECT 89 111 89 111 1
RECT 111 111 128 111 1
RECT 133 111 134 129 1
RECT 70 112 70 112 1
RECT 75 112 75 112 1
RECT 87 112 88 113 1
RECT 111 112 127 112 1
RECT 132 112 132 136 1
RECT 86 113 86 113 1
RECT 89 113 89 149 1
RECT 111 113 126 123 1
RECT 130 113 131 135 1
RECT 142 113 142 137 1
RECT 149 113 149 113 1
RECT 79 114 79 117 1
RECT 129 114 129 134 1
RECT 145 114 145 114 1
RECT 88 115 88 144 1
RECT 87 116 87 149 1
RECT 127 116 128 118 1
RECT 86 117 86 149 1
RECT 158 117 158 119 1
RECT 70 118 70 134 1
RECT 85 118 85 149 1
RECT 159 118 159 139 1
RECT 71 119 71 134 1
RECT 84 119 84 149 1
RECT 128 119 128 129 1
RECT 143 119 143 139 1
RECT 154 119 155 123 1
RECT 160 119 160 139 1
RECT 156 120 156 139 1
RECT 161 120 163 129 1
RECT 79 121 79 121 1
RECT 82 121 83 149 1
RECT 144 121 144 139 1
RECT 157 121 157 126 1
RECT 164 121 165 137 1
RECT 167 121 168 121 1
RECT 72 122 72 134 1
RECT 127 122 127 128 1
RECT 158 122 158 126 1
RECT 166 122 166 137 1
RECT 168 122 169 123 1
RECT 57 123 57 125 1
RECT 81 123 81 150 1
RECT 152 123 152 146 1
RECT 170 123 171 126 1
RECT 245 123 245 126 1
RECT 56 124 56 125 1
RECT 73 124 73 136 1
RECT 80 124 80 149 1
RECT 111 124 119 124 1
RECT 122 124 126 126 1
RECT 148 124 151 145 1
RECT 153 124 153 137 1
RECT 155 124 155 138 1
RECT 169 124 169 125 1
RECT 52 125 52 125 1
RECT 74 125 74 146 1
RECT 111 125 118 133 1
RECT 121 125 121 125 1
RECT 147 125 147 144 1
RECT 154 125 154 138 1
RECT 172 125 172 137 1
RECT 75 126 75 146 1
RECT 79 126 79 149 1
RECT 145 126 145 143 1
RECT 167 126 167 137 1
RECT 173 126 173 137 1
RECT 78 127 78 149 1
RECT 119 127 120 133 1
RECT 123 127 124 127 1
RECT 146 127 146 144 1
RECT 168 127 168 138 1
RECT 171 127 171 137 1
RECT 124 128 124 128 1
RECT 157 128 158 139 1
RECT 169 128 169 138 1
RECT 174 128 174 129 1
RECT 58 129 59 131 1
RECT 76 129 77 149 1
RECT 121 129 121 134 1
RECT 170 129 170 137 1
RECT 133 130 133 136 1
RECT 162 130 163 136 1
RECT 174 131 174 137 1
RECT 122 132 122 135 1
RECT 161 132 161 138 1
RECT 175 132 179 136 1
RECT 125 133 125 136 1
RECT 50 134 50 134 1
RECT 111 134 113 134 1
RECT 123 134 123 136 1
RECT 126 134 126 138 1
RECT 68 135 68 135 1
RECT 124 135 124 136 1
RECT 127 135 127 139 1
RECT 131 136 131 136 1
RECT 59 137 59 163 1
RECT 176 137 178 138 1
RECT 57 138 58 140 1
RECT 67 138 67 145 1
RECT 108 138 109 139 1
RECT 114 138 119 141 1
RECT 121 138 121 149 1
RECT 128 138 128 139 1
RECT 73 139 73 145 1
RECT 113 139 113 141 1
RECT 120 139 120 154 1
RECT 122 139 122 149 1
RECT 176 139 177 142 1
RECT 68 140 70 141 1
RECT 108 140 108 157 1
RECT 111 140 112 140 1
RECT 123 140 123 148 1
RECT 49 141 49 144 1
RECT 58 141 58 141 1
RECT 72 141 72 144 1
RECT 153 141 153 147 1
RECT 175 141 175 143 1
RECT 178 141 178 141 1
RECT 50 142 50 142 1
RECT 68 142 69 142 1
RECT 116 142 119 153 1
RECT 124 142 125 148 1
RECT 142 142 144 142 1
RECT 154 142 154 147 1
RECT 172 142 174 143 1
RECT 68 143 68 143 1
RECT 71 143 71 144 1
RECT 126 143 126 146 1
RECT 155 143 156 147 1
RECT 159 143 167 143 1
RECT 170 143 171 144 1
RECT 58 144 58 159 1
RECT 112 144 115 152 1
RECT 157 144 157 146 1
RECT 159 144 166 145 1
RECT 109 145 109 157 1
RECT 111 145 111 152 1
RECT 127 145 127 145 1
RECT 158 145 158 146 1
RECT 57 146 57 160 1
RECT 88 146 88 149 1
RECT 110 146 110 151 1
RECT 151 146 151 146 1
RECT 159 146 160 146 1
RECT 49 147 49 173 1
RECT 56 148 56 161 1
RECT 50 149 50 172 1
RECT 51 150 51 160 1
RECT 82 150 82 150 1
RECT 91 150 91 150 1
RECT 98 150 98 150 1
RECT 103 150 103 150 1
RECT 106 150 107 155 1
RECT 121 151 125 155 1
RECT 52 152 52 155 1
RECT 55 152 55 162 1
RECT 95 152 95 155 1
RECT 105 152 105 153 1
RECT 96 153 96 155 1
RECT 100 153 100 161 1
RECT 115 153 115 153 1
RECT 251 153 251 153 1
RECT 54 154 54 165 1
RECT 97 154 97 158 1
RECT 110 154 110 157 1
RECT 118 154 119 154 1
RECT 103 155 103 163 1
RECT 111 155 111 157 1
RECT 112 156 114 158 1
RECT 98 157 98 159 1
RECT 115 157 115 164 1
RECT 141 157 142 251 1
RECT 53 158 53 168 1
RECT 99 158 99 160 1
RECT 104 158 104 163 1
RECT 116 158 117 162 1
RECT 139 158 140 254 1
RECT 52 159 52 169 1
RECT 113 159 114 159 1
RECT 118 159 118 161 1
RECT 138 159 138 259 1
RECT 143 159 143 248 1
RECT 137 160 137 261 1
RECT 144 160 144 247 1
RECT 105 161 110 164 1
RECT 114 161 114 165 1
RECT 135 161 136 262 1
RECT 51 162 51 171 1
RECT 58 162 58 164 1
RECT 111 162 113 165 1
RECT 116 163 116 163 1
RECT 134 163 134 264 1
RECT 62 164 63 373 1
RECT 132 164 133 266 1
RECT 145 164 145 245 1
RECT 57 165 57 399 1
RECT 61 165 61 375 1
RECT 64 165 64 374 1
RECT 105 165 106 165 1
RECT 60 166 60 376 1
RECT 65 166 66 376 1
RECT 130 166 131 299 1
RECT 259 166 259 166 1
RECT 56 167 56 399 1
RECT 58 167 59 399 1
RECT 67 167 68 366 1
RECT 129 167 129 301 1
RECT 146 167 146 243 1
RECT 69 168 69 366 1
RECT 128 168 128 301 1
RECT 47 169 47 169 1
RECT 55 169 55 399 1
RECT 70 169 70 366 1
RECT 127 169 127 302 1
RECT 71 170 72 376 1
RECT 126 170 126 303 1
RECT 147 170 147 243 1
RECT 54 171 54 399 1
RECT 125 171 125 304 1
RECT 44 172 45 173 1
RECT 48 172 48 174 1
RECT 73 172 73 376 1
RECT 122 172 124 305 1
RECT 148 172 149 240 1
RECT 74 173 74 361 1
RECT 150 173 151 238 1
RECT 44 174 44 174 1
RECT 75 174 77 361 1
RECT 121 174 121 308 1
RECT 152 174 152 236 1
RECT 264 174 264 174 1
RECT 47 175 47 175 1
RECT 51 175 51 179 1
RECT 78 175 78 372 1
RECT 119 175 120 288 1
RECT 153 175 153 280 1
RECT 50 176 50 182 1
RECT 79 176 79 371 1
RECT 118 176 118 294 1
RECT 154 176 154 279 1
RECT 46 177 46 177 1
RECT 49 177 49 399 1
RECT 53 177 53 399 1
RECT 80 177 80 371 1
RECT 116 177 117 294 1
RECT 155 177 155 227 1
RECT 40 178 40 178 1
RECT 42 178 43 180 1
RECT 45 178 45 179 1
RECT 52 178 52 399 1
RECT 81 178 81 356 1
RECT 114 178 115 297 1
RECT 156 178 156 224 1
RECT 48 179 48 399 1
RECT 84 179 85 351 1
RECT 102 179 104 340 1
RECT 113 179 113 300 1
RECT 41 180 41 184 1
RECT 82 180 83 353 1
RECT 86 180 87 347 1
RECT 99 180 101 323 1
RECT 105 180 112 333 1
RECT 157 180 157 223 1
RECT 42 181 42 181 1
RECT 47 181 47 399 1
RECT 88 181 94 338 1
RECT 98 181 98 326 1
RECT 39 182 40 193 1
RECT 44 182 44 182 1
RECT 95 182 97 326 1
RECT 158 182 158 185 1
RECT 270 182 270 203 1
RECT 38 183 38 196 1
RECT 46 183 46 399 1
RECT 266 183 269 198 1
RECT 43 184 43 185 1
RECT 265 185 265 196 1
RECT 35 186 35 399 1
RECT 42 186 42 186 1
RECT 45 186 45 399 1
RECT 263 186 264 193 1
RECT 0 187 30 399 1
RECT 34 187 34 399 1
RECT 41 187 41 191 1
RECT 44 187 44 399 1
RECT 33 188 33 399 1
RECT 51 188 51 399 1
RECT 262 188 262 191 1
RECT 50 189 50 399 1
RECT 31 190 32 399 1
RECT 158 190 158 190 1
RECT 43 191 43 399 1
RECT 42 192 42 399 1
RECT 39 194 39 194 1
RECT 264 194 264 195 1
RECT 41 195 41 399 1
RECT 158 196 158 221 1
RECT 40 197 40 399 1
RECT 39 198 39 399 1
RECT 38 199 38 399 1
RECT 267 199 269 199 1
RECT 268 200 269 201 1
RECT 159 201 159 219 1
RECT 160 202 160 219 1
RECT 208 205 213 221 1
RECT 185 206 195 234 1
RECT 201 206 207 227 1
RECT 214 206 219 221 1
RECT 161 207 161 218 1
RECT 183 207 184 254 1
RECT 196 207 200 226 1
RECT 220 207 222 224 1
RECT 223 208 224 225 1
RECT 182 209 182 257 1
RECT 225 209 226 225 1
RECT 181 210 181 259 1
RECT 227 210 232 225 1
RECT 180 211 180 259 1
RECT 233 211 234 226 1
RECT 174 212 179 261 1
RECT 235 212 238 225 1
RECT 274 212 274 213 1
RECT 162 214 162 218 1
RECT 171 214 173 265 1
RECT 239 214 241 225 1
RECT 169 215 170 267 1
RECT 242 215 245 216 1
RECT 246 216 246 216 1
RECT 163 217 163 219 1
RECT 167 217 168 269 1
RECT 242 217 244 217 1
RECT 252 217 253 238 1
RECT 277 217 277 217 1
RECT 164 218 165 218 1
RECT 242 218 243 237 1
RECT 245 218 251 237 1
RECT 254 218 255 239 1
RECT 164 219 164 219 1
RECT 244 219 244 237 1
RECT 256 219 257 221 1
RECT 166 220 166 270 1
RECT 164 222 165 272 1
RECT 208 222 209 227 1
RECT 215 222 219 222 1
RECT 256 222 256 240 1
RECT 279 222 280 307 1
RECT 163 223 163 273 1
RECT 210 223 211 229 1
RECT 219 223 219 223 1
RECT 275 223 277 286 1
RECT 257 224 257 381 1
RECT 273 224 274 280 1
RECT 162 225 162 274 1
RECT 212 225 215 227 1
RECT 258 225 262 381 1
RECT 278 225 278 292 1
RECT 216 226 219 227 1
RECT 231 226 232 226 1
RECT 263 226 272 274 1
RECT 159 227 161 275 1
RECT 198 227 200 227 1
RECT 232 227 233 227 1
RECT 158 228 158 278 1
RECT 196 228 196 235 1
RECT 209 228 209 228 1
RECT 212 228 213 229 1
RECT 216 228 217 228 1
RECT 239 228 241 230 1
RECT 157 229 157 278 1
RECT 217 229 217 229 1
RECT 238 229 238 229 1
RECT 155 230 156 278 1
RECT 197 230 198 235 1
RECT 199 231 200 235 1
RECT 241 231 241 237 1
RECT 201 232 204 235 1
RECT 205 233 212 233 1
RECT 237 233 240 236 1
RECT 205 234 211 234 1
RECT 236 234 236 236 1
RECT 185 235 189 235 1
RECT 192 235 195 235 1
RECT 205 235 208 235 1
RECT 185 236 188 251 1
RECT 205 236 206 236 1
RECT 222 236 227 379 1
RECT 281 236 283 300 1
RECT 285 236 293 236 1
RECT 189 237 189 250 1
RECT 220 237 221 379 1
RECT 228 237 228 379 1
RECT 238 237 238 237 1
RECT 286 237 293 239 1
RECT 190 238 191 247 1
RECT 218 238 219 379 1
RECT 229 238 229 379 1
RECT 248 238 251 238 1
RECT 284 238 284 292 1
RECT 150 239 150 239 1
RECT 152 239 152 281 1
RECT 192 239 195 246 1
RECT 202 239 205 241 1
RECT 217 239 217 379 1
RECT 230 239 230 379 1
RECT 241 239 244 244 1
RECT 285 239 285 291 1
RECT 196 240 197 246 1
RECT 201 240 201 245 1
RECT 206 240 206 241 1
RECT 231 240 231 379 1
RECT 239 240 240 241 1
RECT 245 240 246 249 1
RECT 255 240 255 240 1
RECT 287 240 293 241 1
RECT 148 241 148 241 1
RECT 151 241 151 281 1
RECT 198 241 200 245 1
RECT 215 241 216 379 1
RECT 232 241 232 379 1
RECT 247 241 248 252 1
RECT 202 242 204 244 1
RECT 214 242 214 379 1
RECT 233 242 233 379 1
RECT 240 242 240 242 1
RECT 249 242 256 256 1
RECT 286 242 286 296 1
RECT 288 242 293 242 1
RECT 150 243 150 282 1
RECT 234 243 234 379 1
RECT 289 243 293 244 1
RECT 149 244 149 283 1
RECT 212 244 213 380 1
RECT 235 244 235 379 1
RECT 287 244 287 295 1
RECT 148 245 148 283 1
RECT 202 245 203 245 1
RECT 236 245 236 379 1
RECT 242 245 244 246 1
RECT 290 245 293 247 1
RECT 198 246 199 246 1
RECT 211 246 211 380 1
RECT 237 246 237 379 1
RECT 288 246 288 294 1
RECT 147 247 147 285 1
RECT 192 247 194 247 1
RECT 210 247 210 380 1
RECT 238 247 238 379 1
RECT 243 247 244 248 1
RECT 146 248 146 285 1
RECT 209 248 209 380 1
RECT 291 248 293 248 1
RECT 207 249 208 379 1
RECT 239 249 240 379 1
RECT 244 249 244 249 1
RECT 289 249 289 294 1
RECT 292 249 293 249 1
RECT 145 250 145 286 1
RECT 206 250 206 379 1
RECT 241 250 242 380 1
RECT 246 250 246 251 1
RECT 293 250 293 251 1
RECT 205 251 205 380 1
RECT 290 251 290 294 1
RECT 141 252 141 254 1
RECT 143 252 144 286 1
RECT 185 252 186 252 1
RECT 204 252 204 380 1
RECT 243 252 243 380 1
RECT 291 252 291 294 1
RECT 185 253 185 253 1
RECT 203 253 203 380 1
RECT 244 253 245 380 1
RECT 248 253 248 254 1
RECT 142 254 142 287 1
RECT 201 254 202 380 1
RECT 139 255 139 258 1
RECT 183 255 183 255 1
RECT 199 255 200 380 1
RECT 246 255 246 380 1
RECT 292 255 292 294 1
RECT 295 255 295 293 1
RECT 141 257 141 288 1
RECT 198 257 198 380 1
RECT 247 257 248 380 1
RECT 250 257 256 257 1
RECT 293 257 293 294 1
RECT 140 258 140 288 1
RECT 196 258 197 381 1
RECT 249 258 249 380 1
RECT 251 258 256 258 1
RECT 294 258 294 293 1
RECT 195 259 195 381 1
RECT 252 259 256 260 1
RECT 139 260 139 289 1
RECT 194 260 194 381 1
RECT 250 260 251 380 1
RECT 193 261 193 381 1
RECT 253 261 256 381 1
RECT 138 262 138 289 1
RECT 174 262 177 262 1
RECT 192 262 192 381 1
RECT 252 262 252 381 1
RECT 135 263 135 263 1
RECT 174 263 176 263 1
RECT 190 263 191 381 1
RECT 137 264 137 290 1
RECT 174 264 175 264 1
RECT 296 264 296 292 1
RECT 174 265 174 265 1
RECT 188 265 189 381 1
RECT 298 265 301 265 1
RECT 135 266 136 291 1
RECT 171 266 171 267 1
RECT 297 266 297 292 1
RECT 299 266 301 291 1
RECT 132 267 132 267 1
RECT 186 267 187 381 1
RECT 298 267 298 293 1
RECT 134 268 134 292 1
RECT 169 268 169 268 1
RECT 185 268 185 381 1
RECT 184 269 184 381 1
RECT 133 270 133 297 1
RECT 183 270 183 381 1
RECT 132 271 132 297 1
RECT 182 271 182 381 1
RECT 181 272 181 381 1
RECT 179 273 180 381 1
RECT 178 274 178 381 1
RECT 177 275 177 381 1
RECT 263 275 264 381 1
RECT 267 275 272 275 1
RECT 159 276 160 276 1
RECT 176 276 176 381 1
RECT 268 276 272 277 1
RECT 175 277 175 381 1
RECT 265 278 265 381 1
RECT 270 278 272 278 1
RECT 155 279 155 279 1
RECT 174 279 174 381 1
RECT 266 279 266 381 1
RECT 271 279 272 279 1
RECT 267 280 267 382 1
RECT 173 281 173 381 1
RECT 274 281 274 285 1
RECT 302 281 303 286 1
RECT 172 282 172 381 1
RECT 268 282 268 382 1
RECT 269 283 269 399 1
RECT 170 284 171 381 1
RECT 270 284 270 399 1
RECT 169 286 169 381 1
RECT 271 286 271 399 1
RECT 143 287 143 287 1
RECT 167 287 168 380 1
RECT 272 287 272 399 1
RECT 276 287 277 291 1
RECT 302 287 302 289 1
RECT 308 287 315 288 1
RECT 166 288 166 380 1
RECT 119 289 119 289 1
RECT 164 289 165 380 1
RECT 273 289 273 399 1
RECT 309 289 315 294 1
RECT 163 290 163 380 1
RECT 162 292 162 380 1
RECT 299 292 299 293 1
RECT 161 294 161 380 1
RECT 274 294 275 399 1
RECT 116 295 116 295 1
RECT 120 295 120 310 1
RECT 276 295 277 399 1
RECT 310 295 315 299 1
RECT 119 296 119 311 1
RECT 118 297 118 312 1
RECT 160 297 160 380 1
RECT 278 297 278 301 1
RECT 116 298 117 314 1
RECT 159 298 159 380 1
RECT 289 298 291 336 1
RECT 158 300 158 379 1
RECT 286 300 288 332 1
RECT 292 300 292 337 1
RECT 300 300 301 301 1
RECT 311 300 315 309 1
RECT 115 301 115 329 1
RECT 281 301 282 399 1
RECT 114 302 114 329 1
RECT 156 302 157 379 1
RECT 283 302 285 399 1
RECT 299 302 300 302 1
RECT 113 303 113 331 1
RECT 154 303 155 379 1
RECT 293 303 293 339 1
RECT 298 303 299 347 1
RECT 153 304 153 379 1
RECT 294 304 294 347 1
RECT 151 305 152 379 1
RECT 295 305 297 347 1
RECT 122 306 123 306 1
RECT 122 307 122 307 1
RECT 150 307 150 380 1
RECT 149 308 149 379 1
RECT 280 308 280 308 1
RECT 148 309 148 379 1
RECT 130 310 130 315 1
RECT 147 310 147 379 1
RECT 278 310 278 399 1
RECT 312 310 315 311 1
RECT 129 311 129 316 1
RECT 131 311 131 314 1
RECT 145 311 146 379 1
RECT 279 311 280 399 1
RECT 300 311 300 347 1
RECT 313 312 315 315 1
RECT 128 313 128 317 1
RECT 143 313 144 379 1
RECT 127 314 127 318 1
RECT 141 314 142 379 1
RECT 116 315 116 318 1
RECT 126 315 126 320 1
RECT 140 315 140 379 1
RECT 124 316 125 321 1
RECT 301 316 301 347 1
RECT 314 316 315 319 1
RECT 117 317 117 317 1
RECT 123 317 123 323 1
RECT 139 317 139 379 1
RECT 121 318 122 324 1
RECT 119 319 120 326 1
RECT 138 319 138 379 1
RECT 315 320 315 320 1
RECT 118 321 118 328 1
RECT 137 321 137 378 1
RECT 116 322 117 328 1
RECT 124 322 124 322 1
RECT 135 322 136 378 1
RECT 99 324 100 324 1
RECT 134 324 134 378 1
RECT 99 325 99 326 1
RECT 121 325 121 325 1
RECT 101 326 101 342 1
RECT 132 326 133 378 1
RECT 302 326 302 326 1
RECT 95 327 96 330 1
RECT 100 327 100 342 1
RECT 119 327 119 327 1
RECT 99 328 99 341 1
RECT 130 328 131 378 1
RECT 98 329 98 336 1
RECT 129 330 129 378 1
RECT 95 331 95 331 1
RECT 97 331 97 334 1
RECT 127 332 128 379 1
RECT 302 332 302 346 1
RECT 288 333 288 333 1
RECT 318 333 318 353 1
RECT 105 334 110 334 1
RECT 126 334 126 379 1
RECT 286 334 286 399 1
RECT 317 334 317 351 1
RECT 105 335 109 336 1
RECT 124 335 125 378 1
RECT 316 335 316 350 1
RECT 95 336 95 337 1
RECT 96 337 96 337 1
RECT 105 337 108 337 1
RECT 123 337 123 378 1
RECT 287 337 288 399 1
RECT 291 337 291 337 1
RECT 315 337 315 349 1
RECT 105 338 106 339 1
RECT 303 338 303 345 1
RECT 314 338 314 348 1
RECT 88 339 93 340 1
RECT 289 339 289 399 1
RECT 122 340 122 378 1
RECT 304 340 304 345 1
RECT 88 341 92 341 1
RECT 102 341 102 341 1
RECT 88 342 91 342 1
RECT 121 342 121 378 1
RECT 293 342 293 347 1
RECT 88 343 89 344 1
RECT 109 343 114 377 1
RECT 119 343 120 378 1
RECT 292 343 292 346 1
RECT 115 344 118 377 1
RECT 88 345 88 346 1
RECT 290 345 290 399 1
RECT 108 346 108 377 1
RECT 313 346 313 346 1
RECT 86 348 86 349 1
RECT 89 348 91 352 1
RECT 295 348 296 348 1
RECT 107 349 107 377 1
RECT 291 349 291 399 1
RECT 88 350 88 366 1
RECT 106 350 106 377 1
RECT 292 350 293 371 1
RECT 87 351 87 366 1
RECT 105 351 105 377 1
RECT 294 351 294 367 1
RECT 84 352 84 352 1
RECT 86 352 86 366 1
RECT 85 353 85 366 1
RECT 89 353 90 353 1
RECT 295 353 295 365 1
RECT 82 354 82 355 1
RECT 84 354 84 366 1
RECT 89 354 89 357 1
RECT 104 356 104 377 1
RECT 296 356 296 363 1
RECT 83 357 83 366 1
RECT 103 357 103 377 1
RECT 82 358 82 366 1
RECT 304 358 304 379 1
RECT 81 359 81 370 1
RECT 102 360 102 372 1
RECT 305 360 305 379 1
RECT 89 361 89 366 1
RECT 303 361 303 379 1
RECT 321 361 322 363 1
RECT 90 362 90 367 1
RECT 314 362 315 379 1
RECT 75 363 77 373 1
RECT 91 363 91 367 1
RECT 306 363 306 379 1
RECT 313 363 313 380 1
RECT 316 363 317 379 1
RECT 74 364 74 375 1
RECT 322 364 322 365 1
RECT 302 365 302 379 1
RECT 307 365 307 379 1
RECT 101 366 101 366 1
RECT 308 366 308 379 1
RECT 311 366 312 381 1
RECT 318 366 318 368 1
RECT 67 367 67 376 1
RECT 301 367 301 379 1
RECT 324 367 324 368 1
RECT 68 369 69 376 1
RECT 70 370 70 376 1
RECT 300 371 300 379 1
RECT 310 371 310 380 1
RECT 292 372 292 373 1
RECT 309 372 309 379 1
RECT 318 372 325 377 1
RECT 63 374 63 374 1
RECT 75 374 76 374 1
RECT 75 375 75 375 1
RECT 331 377 331 378 1
RECT 318 378 320 378 1
RECT 322 378 323 378 1
RECT 318 379 319 379 1
RECT 314 380 314 380 1
RECT 333 380 334 380 1
RECT 334 381 334 382 1
RECT 60 382 60 399 1
RECT 264 382 264 382 1
RECT 292 382 293 399 1
RECT 302 382 305 382 1
RECT 61 383 62 399 1
RECT 69 383 72 399 1
RECT 86 383 123 399 1
RECT 294 383 296 399 1
RECT 303 383 309 383 1
RECT 356 383 357 383 1
RECT 366 383 399 383 1
RECT 63 384 64 399 1
RECT 68 384 68 399 1
RECT 73 384 73 399 1
RECT 124 384 131 399 1
RECT 143 384 155 399 1
RECT 268 384 268 399 1
RECT 297 384 298 399 1
RECT 304 384 310 384 1
RECT 312 384 315 399 1
RECT 367 384 399 399 1
RECT 65 385 67 399 1
RECT 74 385 85 399 1
RECT 132 385 142 399 1
RECT 156 385 181 399 1
RECT 258 385 267 399 1
RECT 299 385 301 399 1
RECT 305 385 311 385 1
RECT 316 385 325 385 1
RECT 351 385 353 399 1
RECT 361 385 366 399 1
RECT 182 386 184 399 1
RECT 245 386 246 399 1
RECT 248 386 257 399 1
RECT 302 386 304 399 1
RECT 307 386 311 399 1
RECT 316 386 324 386 1
RECT 334 386 350 399 1
RECT 354 386 360 399 1
RECT 218 387 244 399 1
RECT 247 387 247 399 1
RECT 305 387 306 399 1
RECT 316 387 317 399 1
RECT 319 387 321 399 1
RECT 323 387 327 399 1
RECT 329 387 333 399 1
RECT 185 388 187 399 1
RECT 200 388 217 399 1
RECT 318 388 318 399 1
RECT 322 388 322 399 1
RECT 328 388 328 399 1
RECT 188 389 199 399 1
RECT 78 71 78 72 2
RECT 82 71 83 71 2
RECT 77 72 77 72 2
RECT 81 72 81 73 2
RECT 79 73 79 73 2
RECT 82 73 85 73 2
RECT 94 73 94 73 2
RECT 80 74 80 74 2
RECT 82 74 82 74 2
RECT 85 74 85 75 2
RECT 93 74 93 75 2
RECT 86 79 87 79 2
RECT 86 80 86 80 2
RECT 89 80 89 80 2
RECT 87 81 88 81 2
RECT 90 81 91 81 2
RECT 90 82 90 82 2
RECT 100 79 100 79 3
RECT 102 80 102 80 3
RECT 70 82 70 86 3
RECT 72 82 72 83 3
RECT 75 82 75 86 3
RECT 78 82 78 88 3
RECT 73 83 74 86 3
RECT 76 83 76 86 3
RECT 79 83 80 83 3
RECT 77 84 77 86 3
RECT 79 84 79 84 3
RECT 71 85 72 85 3
RECT 72 86 72 87 3
RECT 76 88 76 88 3
RECT 66 89 66 89 3
RECT 70 89 70 90 3
RECT 75 89 75 89 3
RECT 67 90 67 90 3
RECT 73 90 73 90 3
RECT 91 91 91 91 3
RECT 89 92 89 95 3
RECT 98 92 98 93 3
RECT 87 93 87 93 3
RECT 86 94 86 94 3
RECT 87 95 88 95 3
RECT 90 95 91 95 3
RECT 96 95 97 95 3
RECT 91 96 93 96 3
RECT 91 97 91 97 3
RECT 96 98 96 98 3
RECT 74 99 75 99 3
RECT 78 108 78 110 3
RECT 87 44 87 46 4
RECT 89 45 89 45 4
RECT 88 46 88 46 4
RECT 92 46 92 46 4
RECT 94 46 94 46 4
RECT 93 48 93 48 4
RECT 85 49 85 49 4
RECT 86 50 86 51 4
RECT 90 50 90 50 4
RECT 54 51 56 51 4
RECT 84 51 84 52 4
RECT 91 51 91 51 4
RECT 57 52 57 52 4
RECT 87 52 87 52 4
RECT 90 52 90 52 4
RECT 54 54 54 54 4
RECT 82 54 82 54 4
RECT 85 54 85 54 4
RECT 55 55 56 55 4
RECT 59 55 59 56 4
RECT 66 56 68 56 4
RECT 67 57 67 57 4
RECT 57 58 58 59 4
RECT 63 58 63 59 4
RECT 81 58 81 59 4
RECT 83 58 84 58 4
RECT 87 58 87 58 4
RECT 33 59 33 61 4
RECT 65 59 65 59 4
RECT 41 60 41 60 4
RECT 43 60 46 60 4
RECT 51 60 51 66 4
RECT 57 60 57 60 4
RECT 62 60 62 60 4
RECT 67 60 67 61 4
RECT 94 60 94 63 4
RECT 34 61 34 62 4
RECT 40 61 40 62 4
RECT 43 61 43 61 4
RECT 45 61 46 61 4
RECT 59 61 59 61 4
RECT 64 61 64 61 4
RECT 35 62 36 62 4
RECT 39 62 39 62 4
RECT 41 62 42 62 4
RECT 45 62 45 62 4
RECT 57 62 57 62 4
RECT 66 62 66 62 4
RECT 82 62 83 62 4
RECT 36 63 37 63 4
RECT 44 63 44 65 4
RECT 52 63 53 65 4
RECT 83 63 83 64 4
RECT 37 64 38 64 4
RECT 41 64 43 64 4
RECT 45 64 45 64 4
RECT 50 64 50 64 4
RECT 56 64 57 65 4
RECT 59 64 59 65 4
RECT 61 64 61 64 4
RECT 82 64 82 65 4
RECT 93 64 93 67 4
RECT 36 65 37 65 4
RECT 48 65 49 65 4
RECT 60 65 60 65 4
RECT 64 65 65 65 4
RECT 84 65 84 65 4
RECT 86 65 86 65 4
RECT 92 65 92 65 4
RECT 37 66 37 67 4
RECT 39 66 40 66 4
RECT 50 66 50 66 4
RECT 54 66 54 66 4
RECT 58 66 58 69 4
RECT 64 66 64 68 4
RECT 79 66 79 67 4
RECT 85 66 85 66 4
RECT 55 67 55 67 4
RECT 80 67 80 68 4
RECT 92 67 92 69 4
RECT 96 67 96 69 4
RECT 42 68 42 72 4
RECT 54 68 54 69 4
RECT 57 68 57 70 4
RECT 62 68 63 68 4
RECT 37 69 37 69 4
RECT 43 69 43 72 4
RECT 53 69 53 69 4
RECT 60 69 60 69 4
RECT 62 69 62 69 4
RECT 65 69 65 70 4
RECT 83 69 85 69 4
RECT 89 69 89 69 4
RECT 93 69 93 69 4
RECT 44 70 47 71 4
RECT 52 70 52 72 4
RECT 55 70 56 71 4
RECT 59 70 59 72 4
RECT 61 70 61 70 4
RECT 66 70 66 70 4
RECT 68 70 68 70 4
RECT 88 70 88 70 4
RECT 40 71 40 74 4
RECT 53 71 54 72 4
RECT 62 71 63 71 4
RECT 81 71 81 71 4
RECT 96 71 97 71 4
RECT 45 72 45 73 4
RECT 47 72 47 72 4
RECT 63 72 63 72 4
RECT 67 72 67 72 4
RECT 76 72 76 74 4
RECT 82 72 84 72 4
RECT 86 72 86 73 4
RECT 91 72 91 72 4
RECT 98 72 98 72 4
RECT 44 73 44 73 4
RECT 46 73 46 75 4
RECT 54 73 54 74 4
RECT 56 73 57 73 4
RECT 64 73 66 73 4
RECT 77 73 78 73 4
RECT 87 73 87 73 4
RECT 93 73 93 73 4
RECT 41 74 43 74 4
RECT 49 74 49 74 4
RECT 81 74 81 74 4
RECT 83 74 83 74 4
RECT 92 74 92 75 4
RECT 95 74 95 74 4
RECT 44 75 45 75 4
RECT 55 75 55 75 4
RECT 74 75 74 75 4
RECT 84 75 84 75 4
RECT 90 75 91 75 4
RECT 51 76 51 76 4
RECT 56 76 56 76 4
RECT 60 76 60 77 4
RECT 62 76 62 77 4
RECT 76 76 76 78 4
RECT 78 76 79 76 4
RECT 83 76 83 76 4
RECT 94 76 95 77 4
RECT 55 77 55 77 4
RECT 75 77 75 77 4
RECT 77 77 77 78 4
RECT 80 77 80 77 4
RECT 87 77 88 77 4
RECT 98 77 98 77 4
RECT 52 78 52 79 4
RECT 94 78 94 78 4
RECT 99 78 99 78 4
RECT 49 79 49 80 4
RECT 53 79 53 79 4
RECT 55 79 55 79 4
RECT 57 79 57 79 4
RECT 60 79 62 80 4
RECT 65 79 65 80 4
RECT 78 79 78 80 4
RECT 80 79 81 79 4
RECT 104 79 104 79 4
RECT 56 80 56 81 4
RECT 73 80 73 80 4
RECT 81 80 83 80 4
RECT 92 80 92 81 4
RECT 51 81 53 81 4
RECT 58 81 58 81 4
RECT 60 81 60 85 4
RECT 62 81 64 83 4
RECT 68 81 68 81 4
RECT 81 81 81 81 4
RECT 84 81 84 81 4
RECT 52 82 53 82 4
RECT 82 82 82 82 4
RECT 91 82 91 82 4
RECT 50 83 52 83 4
RECT 81 83 81 83 4
RECT 90 83 90 83 4
RECT 95 83 95 83 4
RECT 103 83 103 83 4
RECT 48 84 48 84 4
RECT 53 84 53 84 4
RECT 62 84 62 84 4
RECT 65 84 65 84 4
RECT 89 84 89 84 4
RECT 94 84 94 84 4
RECT 101 84 101 87 4
RECT 104 84 105 84 4
RECT 49 85 49 85 4
RECT 52 85 52 85 4
RECT 54 85 54 86 4
RECT 61 85 61 85 4
RECT 84 85 86 85 4
RECT 97 85 97 85 4
RECT 105 85 106 86 4
RECT 68 86 68 86 4
RECT 92 86 93 86 4
RECT 107 86 107 87 4
RECT 109 86 109 86 4
RECT 55 87 57 87 4
RECT 69 87 69 87 4
RECT 91 87 91 87 4
RECT 95 87 96 87 4
RECT 99 87 99 87 4
RECT 106 87 106 87 4
RECT 57 88 57 89 4
RECT 60 88 60 88 4
RECT 70 88 70 88 4
RECT 94 88 94 88 4
RECT 96 88 96 89 4
RECT 100 88 100 88 4
RECT 103 88 105 88 4
RECT 59 89 59 89 4
RECT 65 89 65 89 4
RECT 82 89 83 89 4
RECT 58 90 58 91 4
RECT 86 90 86 90 4
RECT 93 90 93 91 4
RECT 103 90 103 90 4
RECT 81 91 81 91 4
RECT 59 92 59 92 4
RECT 65 92 65 93 4
RECT 67 92 67 93 4
RECT 84 92 84 92 4
RECT 81 93 81 93 4
RECT 68 94 68 98 4
RECT 78 94 78 94 4
RECT 85 94 85 94 4
RECT 82 95 83 95 4
RECT 63 96 63 96 4
RECT 69 96 69 100 4
RECT 64 97 64 98 4
RECT 70 97 70 97 4
RECT 75 97 75 97 4
RECT 80 97 80 100 4
RECT 71 98 71 99 4
RECT 81 98 81 98 4
RECT 84 98 84 98 4
RECT 88 98 88 99 4
RECT 72 99 72 99 4
RECT 83 99 83 99 4
RECT 87 99 87 99 4
RECT 68 100 68 100 4
RECT 70 100 70 101 4
RECT 79 100 79 100 4
RECT 82 100 82 100 4
RECT 86 100 86 100 4
RECT 95 100 95 100 4
RECT 78 101 78 101 4
RECT 87 101 87 101 4
RECT 96 101 96 101 4
RECT 68 102 68 102 4
RECT 76 102 77 102 4
RECT 88 102 88 102 4
RECT 69 103 70 103 4
RECT 74 103 76 103 4
RECT 90 103 91 103 4
RECT 93 103 93 103 4
RECT 70 104 72 104 4
RECT 76 104 76 104 4
RECT 95 104 95 105 4
RECT 66 105 66 105 4
RECT 71 105 72 105 4
RECT 80 105 80 105 4
RECT 67 106 67 107 4
RECT 71 106 71 107 4
RECT 81 106 81 106 4
RECT 96 106 96 107 4
RECT 68 108 69 108 4
RECT 88 108 88 108 4
RECT 70 109 70 109 4
RECT 82 109 82 109 4
RECT 87 109 87 109 4
RECT 71 110 71 110 4
RECT 73 110 74 110 4
RECT 76 110 77 110 4
RECT 86 110 86 110 4
RECT 74 111 75 111 4
RECT 85 111 85 111 4
RECT 74 112 74 113 4
RECT 75 113 75 117 4
RECT 77 113 77 114 4
RECT 79 113 79 113 4
RECT 73 114 73 115 4
RECT 85 114 85 114 4
RECT 70 115 70 115 4
RECT 74 115 74 117 4
RECT 83 115 83 115 4
RECT 76 116 76 118 4
RECT 78 116 78 116 4
RECT 82 116 82 117 4
RECT 70 117 70 117 4
RECT 71 118 71 118 4
RECT 77 118 78 118 4
RECT 80 118 81 118 4
RECT 84 118 84 118 4
RECT 72 119 72 119 4
RECT 78 119 80 120 4
RECT 83 119 83 119 4
RECT 81 120 81 120 4
RECT 77 121 78 121 4
RECT 80 121 80 121 4
RECT 78 122 78 123 4
RECT 73 123 73 123 4
RECT 74 124 75 124 4
RECT 75 125 77 125 4
RECT 79 125 79 125 4
RECT 78 126 78 126 4
RECT 48 169 48 171 4
RECT 47 170 47 174 4
RECT 52 170 52 171 4
RECT 46 172 46 172 4
RECT 51 172 51 173 4
RECT 50 173 50 173 4
RECT 45 174 45 177 4
RECT 49 174 49 174 4
RECT 44 175 44 181 4
RECT 46 175 46 176 4
RECT 48 175 48 176 4
RECT 50 175 50 175 4
RECT 52 175 52 177 4
RECT 47 176 47 176 4
RECT 49 176 49 176 4
RECT 53 176 53 176 4
RECT 41 178 41 179 4
RECT 46 178 46 179 4
RECT 48 178 48 178 4
RECT 40 179 40 181 4
RECT 47 179 47 180 4
RECT 39 180 39 181 4
RECT 45 180 45 185 4
RECT 51 180 51 187 4
RECT 38 181 38 182 4
RECT 43 181 43 183 4
RECT 42 182 42 185 4
RECT 46 182 46 182 4
RECT 44 183 44 184 4
RECT 50 183 50 188 4
RECT 33 185 33 185 4
RECT 35 185 35 185 4
RECT 41 185 41 186 4
RECT 34 186 34 186 4
RECT 43 186 44 186 4
RECT 31 187 33 187 4
RECT 42 187 43 188 4
RECT 31 188 32 189 4
RECT 43 189 43 190 4
RECT 42 190 42 191 4
RECT 41 192 41 192 4
RECT 40 194 41 194 4
RECT 39 195 40 196 4
RECT 38 197 39 197 4
RECT 38 198 38 198 4
RECT 61 72 61 72 5
RECT 69 73 72 76 5
RECT 57 74 57 74 5
RECT 68 74 68 77 5
RECT 67 75 67 77 5
RECT 65 76 66 77 5
RECT 69 77 70 77 5
RECT 66 78 66 78 5
RECT 73 78 74 78 5
RECT 74 79 75 79 5
RECT 75 80 76 80 5
RECT 65 81 65 82 5
RECT 66 83 66 85 5
RECT 67 84 67 85 5
RECT 80 90 80 90 5
RECT 73 92 78 92 5
RECT 73 93 76 94 5
RECT 71 94 72 94 5
RECT 72 95 72 96 5
RECT 75 95 77 95 5
RECT 79 96 79 96 5
RECT 78 98 78 99 5
RECT 73 102 73 103 5
RECT 88 43 88 43 6
RECT 89 44 89 44 6
RECT 86 46 86 46 6
RECT 87 47 89 47 6
RECT 94 47 94 47 6
RECT 83 48 83 50 6
RECT 91 48 91 48 6
RECT 84 49 84 50 6
RECT 88 49 90 49 6
RECT 53 50 53 51 6
RECT 91 50 91 50 6
RECT 85 52 86 52 6
RECT 88 52 89 53 6
RECT 91 52 91 52 6
RECT 85 53 85 53 6
RECT 87 53 87 53 6
RECT 68 55 68 55 6
RECT 85 55 85 55 6
RECT 87 55 87 55 6
RECT 56 56 56 56 6
RECT 69 56 69 56 6
RECT 59 57 59 57 6
RECT 82 57 84 57 6
RECT 33 58 33 58 6
RECT 49 58 49 59 6
RECT 64 58 66 58 6
RECT 80 58 80 58 6
RECT 82 58 82 60 6
RECT 86 58 86 59 6
RECT 46 59 46 59 6
RECT 51 59 51 59 6
RECT 62 59 62 59 6
RECT 83 59 84 59 6
RECT 87 59 87 59 6
RECT 95 59 95 60 6
RECT 59 60 59 60 6
RECT 80 60 81 60 6
RECT 84 60 84 60 6
RECT 61 61 61 61 6
RECT 80 61 80 61 6
RECT 83 61 83 61 6
RECT 87 61 87 62 6
RECT 33 62 33 62 6
RECT 44 62 44 62 6
RECT 52 62 52 62 6
RECT 81 62 81 63 6
RECT 84 62 85 62 6
RECT 41 63 41 63 6
RECT 50 63 50 63 6
RECT 55 63 55 64 6
RECT 57 63 57 63 6
RECT 93 63 93 63 6
RECT 94 64 94 64 6
RECT 98 65 98 66 6
RECT 55 66 55 66 6
RECT 80 66 80 66 6
RECT 95 66 97 66 6
RECT 81 67 81 67 6
RECT 95 67 95 69 6
RECT 97 67 97 68 6
RECT 36 68 36 68 6
RECT 93 68 93 68 6
RECT 99 68 99 69 6
RECT 41 69 41 69 6
RECT 67 69 68 69 6
RECT 80 69 80 69 6
RECT 98 69 98 71 6
RECT 82 70 82 70 6
RECT 85 70 85 71 6
RECT 91 70 91 70 6
RECT 76 71 76 71 6
RECT 84 71 84 71 6
RECT 94 71 95 71 6
RECT 96 72 96 74 6
RECT 47 73 47 73 6
RECT 67 73 67 73 6
RECT 95 73 95 73 6
RECT 75 75 76 75 6
RECT 95 75 95 75 6
RECT 102 75 102 78 6
RECT 77 76 77 76 6
RECT 96 76 98 76 6
RECT 100 76 100 76 6
RECT 51 77 51 77 6
RECT 83 77 83 77 6
RECT 96 77 97 77 6
RECT 99 77 99 77 6
RECT 87 78 88 78 6
RECT 93 78 93 78 6
RECT 95 78 95 78 6
RECT 100 78 101 78 6
RECT 103 78 103 78 6
RECT 85 79 85 79 6
RECT 98 79 99 79 6
RECT 79 80 79 80 6
RECT 90 80 91 80 6
RECT 93 80 93 82 6
RECT 96 80 96 80 6
RECT 100 80 100 80 6
RECT 103 80 104 80 6
RECT 102 81 103 82 6
RECT 89 82 89 82 6
RECT 92 82 92 85 6
RECT 94 82 96 82 6
RECT 82 83 82 83 6
RECT 87 83 88 83 6
RECT 94 83 94 83 6
RECT 96 83 96 85 6
RECT 101 83 102 83 6
RECT 104 83 104 83 6
RECT 47 84 47 84 6
RECT 93 84 93 85 6
RECT 95 84 95 85 6
RECT 97 84 97 84 6
RECT 100 84 100 87 6
RECT 107 84 107 85 6
RECT 53 85 53 85 6
RECT 98 85 98 86 6
RECT 109 85 109 85 6
RECT 50 86 51 86 6
RECT 87 86 87 88 6
RECT 89 86 89 86 6
RECT 108 86 108 86 6
RECT 73 87 75 88 6
RECT 90 87 90 87 6
RECT 91 88 91 88 6
RECT 95 88 95 89 6
RECT 106 88 107 88 6
RECT 60 89 60 90 6
RECT 67 89 69 89 6
RECT 94 89 94 89 6
RECT 57 90 57 90 6
RECT 68 90 69 90 6
RECT 90 90 92 90 6
RECT 99 90 101 91 6
RECT 104 90 104 90 6
RECT 59 91 59 91 6
RECT 86 91 86 91 6
RECT 89 91 90 91 6
RECT 92 91 92 92 6
RECT 98 91 98 91 6
RECT 61 92 61 92 6
RECT 66 92 66 93 6
RECT 87 92 88 92 6
RECT 90 92 91 94 6
RECT 93 92 94 92 6
RECT 100 92 100 96 6
RECT 59 93 59 93 6
RECT 86 93 86 93 6
RECT 94 93 94 94 6
RECT 62 94 62 94 6
RECT 82 94 84 94 6
RECT 92 94 93 95 6
RECT 97 94 99 94 6
RECT 101 94 101 94 6
RECT 98 95 98 96 6
RECT 95 96 95 96 6
RECT 97 96 97 97 6
RECT 99 96 99 96 6
RECT 63 97 63 97 6
RECT 82 97 82 97 6
RECT 84 97 84 97 6
RECT 92 97 94 97 6
RECT 96 97 96 97 6
RECT 95 98 95 98 6
RECT 64 99 64 99 6
RECT 81 99 81 99 6
RECT 94 99 94 99 6
RECT 93 100 93 100 6
RECT 96 100 97 100 6
RECT 85 101 86 101 6
RECT 88 101 88 101 6
RECT 94 101 95 101 6
RECT 98 101 98 102 6
RECT 81 102 81 102 6
RECT 97 102 97 102 6
RECT 65 103 65 103 6
RECT 94 103 95 103 6
RECT 94 104 94 104 6
RECT 92 105 93 105 6
RECT 96 105 96 105 6
RECT 93 106 93 107 6
RECT 95 106 95 107 6
RECT 81 107 81 107 6
RECT 91 107 91 107 6
RECT 68 109 69 109 6
RECT 88 109 88 111 6
RECT 70 110 70 111 6
RECT 79 110 80 110 6
RECT 83 110 83 110 6
RECT 87 110 87 111 6
RECT 89 110 89 110 6
RECT 76 111 77 112 6
RECT 79 111 79 112 6
RECT 84 111 84 114 6
RECT 86 111 86 112 6
RECT 85 112 85 113 6
RECT 89 112 89 112 6
RECT 70 113 70 114 6
RECT 76 113 76 115 6
RECT 83 114 83 114 6
RECT 87 114 88 114 6
RECT 77 115 77 117 6
RECT 87 115 87 115 6
RECT 86 116 86 116 6
RECT 78 117 78 117 6
RECT 79 118 79 118 6
RECT 72 120 72 121 6
RECT 83 120 83 120 6
RECT 81 122 81 122 6
RECT 60 71 61 71 7
RECT 60 72 60 75 7
RECT 62 72 62 75 7
RECT 59 73 59 80 7
RECT 61 73 61 75 7
RECT 63 73 63 78 7
RECT 56 74 56 75 7
RECT 58 74 58 80 7
RECT 64 74 64 78 7
RECT 73 74 73 77 7
RECT 57 75 57 78 7
RECT 65 75 65 75 7
RECT 56 77 56 77 7
RECT 71 77 72 78 7
RECT 55 78 55 78 7
RECT 62 78 62 78 7
RECT 65 78 65 78 7
RECT 67 78 70 78 7
RECT 75 78 75 78 7
RECT 56 79 56 79 7
RECT 66 79 67 82 7
RECT 72 79 73 79 7
RECT 76 79 77 79 7
RECT 57 80 57 80 7
RECT 72 80 72 81 7
RECT 74 80 74 82 7
RECT 77 80 77 83 7
RECT 71 81 71 84 7
RECT 73 81 73 82 7
RECT 75 81 76 81 7
RECT 68 82 69 85 7
RECT 76 82 76 82 7
RECT 79 82 80 82 7
RECT 65 83 65 83 7
RECT 67 83 67 83 7
RECT 72 84 72 84 7
RECT 80 84 81 89 7
RECT 65 85 65 85 7
RECT 79 85 79 93 7
RECT 66 86 67 86 7
RECT 69 86 69 86 7
RECT 83 86 83 88 7
RECT 70 87 70 87 7
RECT 76 87 77 87 7
RECT 82 87 82 88 7
RECT 77 88 77 91 7
RECT 76 89 76 91 7
RECT 78 89 78 91 7
RECT 74 90 75 91 7
RECT 81 90 81 90 7
RECT 73 91 73 91 7
RECT 80 91 80 93 7
RECT 71 92 72 93 7
RECT 81 92 81 92 7
RECT 77 93 78 93 7
RECT 77 94 77 94 7
RECT 69 95 71 95 7
RECT 73 95 74 96 7
RECT 78 95 80 95 7
RECT 70 96 71 96 7
RECT 75 96 78 96 7
RECT 80 96 80 96 7
RECT 71 97 72 97 7
RECT 76 97 79 97 7
RECT 70 98 70 99 7
RECT 76 98 77 101 7
RECT 79 98 79 99 7
RECT 73 99 73 101 7
RECT 71 100 72 103 7
RECT 74 100 75 102 7
RECT 78 100 78 100 7
RECT 69 101 69 101 7
RECT 73 104 73 104 7