RECT 0 0 399 399 1
RECT 160 30 165 40 0
RECT 168 30 171 33 0
RECT 157 31 174 32 0
RECT 156 32 176 32 0
RECT 151 33 171 33 0
RECT 150 34 170 40 0
RECT 149 35 170 40 0
RECT 147 36 171 40 0
RECT 175 36 180 38 0
RECT 146 37 181 38 0
RECT 145 38 182 38 0
RECT 144 39 177 39 0
RECT 180 39 182 40 0
RECT 143 40 173 40 0
RECT 143 41 164 41 0
RECT 305 41 313 41 0
RECT 143 42 161 42 0
RECT 295 42 312 42 0
RECT 143 43 160 43 0
RECT 292 43 310 43 0
RECT 142 44 157 44 0
RECT 278 44 309 48 0
RECT 142 45 155 45 0
RECT 276 45 309 48 0
RECT 142 46 153 53 0
RECT 177 46 178 46 0
RECT 273 46 309 48 0
RECT 345 46 346 46 0
RECT 154 47 157 49 0
RECT 180 47 180 52 0
RECT 267 47 309 48 0
RECT 337 47 344 48 0
RECT 266 48 309 48 0
RECT 335 48 344 48 0
RECT 181 49 182 50 0
RECT 263 49 308 59 0
RECT 329 49 341 49 0
RECT 141 50 156 51 0
RECT 173 50 173 50 0
RECT 176 50 182 50 0
RECT 259 50 308 59 0
RECT 319 50 340 50 0
RECT 177 51 181 51 0
RECT 255 51 308 59 0
RECT 320 51 345 51 0
RECT 154 52 156 53 0
RECT 252 52 308 59 0
RECT 323 52 345 52 0
RECT 157 53 157 55 0
RECT 250 53 308 59 0
RECT 325 53 345 53 0
RECT 143 54 148 54 0
RECT 156 54 157 55 0
RECT 246 54 308 59 0
RECT 326 54 341 54 0
RECT 143 55 145 63 0
RECT 244 55 309 59 0
RECT 328 55 337 55 0
RECT 142 56 145 63 0
RECT 238 56 310 59 0
RECT 329 56 336 56 0
RECT 141 57 145 63 0
RECT 148 57 149 57 0
RECT 184 57 187 205 0
RECT 234 57 310 59 0
RECT 332 57 334 57 0
RECT 140 58 146 63 0
RECT 178 58 189 61 0
RECT 230 58 313 59 0
RECT 147 59 147 64 0
RECT 177 59 189 61 0
RECT 229 59 315 59 0
RECT 139 60 147 63 0
RECT 150 60 150 60 0
RECT 174 60 189 61 0
RECT 226 60 304 61 0
RECT 306 60 317 60 0
RECT 335 60 335 61 0
RECT 138 61 147 63 0
RECT 170 61 189 61 0
RECT 223 61 304 61 0
RECT 307 61 315 61 0
RECT 317 61 317 61 0
RECT 137 62 148 63 0
RECT 167 62 188 64 0
RECT 221 62 301 62 0
RECT 136 63 148 63 0
RECT 164 63 188 64 0
RECT 212 63 296 63 0
RECT 136 64 143 64 0
RECT 148 64 149 68 0
RECT 162 64 188 64 0
RECT 211 64 295 64 0
RECT 159 65 163 65 0
RECT 168 65 188 68 0
RECT 208 65 293 65 0
RECT 167 66 189 67 0
RECT 206 66 280 66 0
RECT 150 67 153 67 0
RECT 204 67 277 67 0
RECT 150 68 150 68 0
RECT 189 68 275 68 0
RECT 148 69 148 69 0
RECT 169 69 274 69 0
RECT 167 70 272 70 0
RECT 76 71 76 128 0
RECT 161 71 163 71 0
RECT 166 71 271 71 0
RECT 159 72 161 72 0
RECT 166 72 270 73 0
RECT 158 73 159 73 0
RECT 164 73 270 73 0
RECT 156 74 157 74 0
RECT 162 74 268 74 0
RECT 102 75 102 89 0
RECT 154 75 156 75 0
RECT 162 75 267 76 0
RECT 100 76 100 76 0
RECT 153 76 155 76 0
RECT 161 76 267 76 0
RECT 152 77 153 77 0
RECT 159 77 266 77 0
RECT 158 78 265 78 0
RECT 104 79 104 80 0
RECT 156 79 264 80 0
RECT 100 80 104 80 0
RECT 155 80 264 80 0
RECT 103 81 103 90 0
RECT 153 81 156 81 0
RECT 159 81 262 81 0
RECT 158 82 261 83 0
RECT 101 83 104 88 0
RECT 100 84 107 88 0
RECT 153 84 259 85 0
RECT 109 85 109 86 0
RECT 108 86 110 86 0
RECT 154 86 161 86 0
RECT 164 86 257 86 0
RECT 55 87 87 87 0
RECT 147 87 147 87 0
RECT 167 87 256 87 0
RECT 57 88 87 88 0
RECT 168 88 256 88 0
RECT 151 89 152 90 0
RECT 168 89 255 89 0
RECT 104 90 104 90 0
RECT 153 90 158 93 0
RECT 164 90 254 90 0
RECT 152 91 253 91 0
RECT 152 92 252 92 0
RECT 159 93 251 93 0
RECT 55 94 55 110 0
RECT 146 94 146 97 0
RECT 154 94 249 94 0
RECT 100 95 100 96 0
RECT 155 95 249 95 0
RECT 49 96 50 96 0
RECT 147 96 147 96 0
RECT 156 96 248 96 0
RECT 56 97 56 123 0
RECT 157 97 248 97 0
RECT 50 98 51 101 0
RECT 158 98 247 98 0
RECT 151 99 151 100 0
RECT 159 99 246 101 0
RECT 57 100 57 122 0
RECT 152 100 152 100 0
RECT 52 101 57 102 0
RECT 160 102 245 102 0
RECT 52 103 53 105 0
RECT 153 103 153 104 0
RECT 161 103 243 103 0
RECT 154 104 154 109 0
RECT 162 104 243 119 0
RECT 137 105 139 105 0
RECT 155 105 159 116 0
RECT 135 106 138 106 0
RECT 160 106 160 118 0
RECT 135 107 137 107 0
RECT 161 107 243 119 0
RECT 134 108 136 108 0
RECT 133 109 135 109 0
RECT 130 110 134 110 0
RECT 142 110 142 112 0
RECT 129 111 132 111 0
RECT 143 111 143 118 0
RECT 128 112 131 112 0
RECT 154 112 243 116 0
RECT 127 113 129 113 0
RECT 150 113 243 116 0
RECT 127 114 128 115 0
RECT 144 114 144 120 0
RECT 146 114 243 116 0
RECT 145 115 243 116 0
RECT 145 117 157 118 0
RECT 159 117 243 117 0
RECT 58 119 58 128 0
RECT 127 119 127 121 0
RECT 145 119 153 122 0
RECT 156 119 157 119 0
RECT 157 120 158 120 0
RECT 164 120 243 120 0
RECT 59 121 59 128 0
RECT 158 121 158 121 0
RECT 166 121 166 121 0
RECT 169 121 243 121 0
RECT 167 122 167 125 0
RECT 170 122 243 122 0
RECT 73 123 80 123 0
RECT 145 123 151 123 0
RECT 153 123 153 123 0
RECT 172 123 244 124 0
RECT 120 124 121 124 0
RECT 145 124 147 124 0
RECT 154 124 154 124 0
RECT 168 124 168 126 0
RECT 53 125 54 153 0
RECT 119 125 120 126 0
RECT 145 125 146 125 0
RECT 173 125 244 125 0
RECT 52 126 59 128 0
RECT 121 126 121 128 0
RECT 146 126 146 126 0
RECT 169 126 169 127 0
RECT 174 126 244 127 0
RECT 77 127 77 128 0
RECT 122 127 122 131 0
RECT 125 127 126 132 0
RECT 157 127 158 127 0
RECT 170 127 170 128 0
RECT 245 127 245 214 0
RECT 123 128 123 133 0
RECT 175 128 245 131 0
RECT 52 129 57 137 0
RECT 124 129 127 132 0
RECT 128 130 128 137 0
RECT 134 130 134 162 0
RECT 161 130 161 131 0
RECT 174 130 245 130 0
RECT 135 131 135 160 0
RECT 58 132 59 136 0
RECT 136 132 136 160 0
RECT 180 132 245 204 0
RECT 124 133 124 134 0
RECT 126 133 128 133 0
RECT 51 134 59 136 0
RECT 114 134 120 137 0
RECT 127 134 128 134 0
RECT 137 134 137 159 0
RECT 246 134 246 215 0
RECT 50 135 59 136 0
RECT 69 135 72 139 0
RECT 111 135 121 137 0
RECT 129 135 129 166 0
RECT 68 136 72 139 0
RECT 122 136 122 138 0
RECT 130 136 130 165 0
RECT 138 136 138 158 0
RECT 50 137 58 137 0
RECT 67 137 73 137 0
RECT 123 137 125 139 0
RECT 131 137 139 157 0
RECT 162 137 163 142 0
RECT 175 137 175 140 0
RECT 179 137 246 204 0
RECT 50 138 56 141 0
RECT 73 138 73 138 0
RECT 110 138 113 138 0
RECT 120 138 120 138 0
RECT 140 138 142 141 0
RECT 153 138 153 140 0
RECT 164 138 167 142 0
RECT 170 138 175 140 0
RECT 110 139 112 139 0
RECT 126 139 126 142 0
RECT 154 139 155 141 0
RECT 161 139 175 140 0
RECT 178 139 246 140 0
RECT 49 140 56 140 0
RECT 71 140 72 140 0
RECT 109 140 110 144 0
RECT 124 140 144 141 0
RECT 156 140 175 140 0
RECT 247 140 247 217 0
RECT 57 141 57 145 0
RECT 71 141 71 142 0
RECT 111 141 112 143 0
RECT 156 141 174 141 0
RECT 51 142 58 143 0
RECT 70 142 71 142 0
RECT 113 142 115 143 0
RECT 127 142 141 144 0
RECT 155 142 171 142 0
RECT 178 142 247 204 0
RECT 50 143 58 143 0
RECT 69 143 70 167 0
RECT 142 143 144 156 0
RECT 157 143 158 143 0
RECT 168 143 169 214 0
RECT 176 143 247 204 0
RECT 50 144 57 145 0
RECT 68 144 70 166 0
RECT 111 144 111 144 0
RECT 145 144 145 163 0
RECT 158 144 158 144 0
RECT 167 144 169 214 0
RECT 172 144 247 204 0
RECT 49 145 57 145 0
RECT 71 145 72 169 0
RECT 88 145 88 145 0
RECT 110 145 110 145 0
RECT 128 145 147 156 0
RECT 170 145 248 204 0
RECT 49 146 56 146 0
RECT 67 146 73 166 0
RECT 127 146 150 156 0
RECT 161 146 248 204 0
RECT 50 147 56 147 0
RECT 74 147 75 172 0
RECT 126 147 152 156 0
RECT 157 147 248 179 0
RECT 50 148 55 148 0
RECT 66 148 75 165 0
RECT 95 148 96 151 0
RECT 153 148 248 174 0
RECT 51 149 55 149 0
RECT 123 149 248 150 0
RECT 52 150 55 151 0
RECT 65 150 80 165 0
RECT 83 150 90 178 0
RECT 97 150 97 153 0
RECT 104 150 105 151 0
RECT 121 150 249 150 0
RECT 64 151 91 164 0
RECT 98 151 98 156 0
RECT 103 151 105 151 0
RECT 249 151 249 217 0
RECT 96 152 98 152 0
RECT 103 152 104 154 0
RECT 110 152 110 153 0
RECT 99 153 99 157 0
RECT 111 153 114 154 0
RECT 250 153 250 217 0
RECT 53 154 53 157 0
RECT 63 154 91 163 0
RECT 105 154 105 160 0
RECT 115 154 117 156 0
RECT 251 154 251 217 0
RECT 104 155 105 157 0
RECT 112 155 120 155 0
RECT 52 156 53 157 0
RECT 62 156 91 163 0
RECT 94 156 96 180 0
RECT 106 156 107 160 0
RECT 118 156 251 156 0
RECT 116 157 140 157 0
RECT 143 157 251 158 0
RECT 52 158 52 158 0
RECT 108 158 111 160 0
RECT 118 158 138 158 0
RECT 252 158 252 216 0
RECT 97 159 97 181 0
RECT 112 159 112 161 0
RECT 119 159 137 159 0
RECT 144 159 253 159 0
RECT 58 160 58 161 0
RECT 98 160 98 180 0
RECT 113 160 114 160 0
RECT 119 160 136 160 0
RECT 146 160 253 166 0
RECT 51 161 51 161 0
RECT 57 161 58 161 0
RECT 61 161 92 163 0
RECT 99 161 99 179 0
RECT 111 161 113 161 0
RECT 119 161 134 162 0
RECT 254 161 254 217 0
RECT 56 162 57 164 0
RECT 60 162 92 163 0
RECT 100 162 100 179 0
RECT 118 162 134 162 0
RECT 255 162 256 217 0
RECT 55 163 57 164 0
RECT 93 163 101 179 0
RECT 117 163 133 163 0
RECT 59 164 61 164 0
RECT 92 164 104 178 0
RECT 116 164 131 165 0
RECT 55 165 56 166 0
RECT 58 165 60 165 0
RECT 81 165 104 177 0
RECT 107 165 110 179 0
RECT 115 165 131 165 0
RECT 257 165 257 218 0
RECT 54 166 56 166 0
RECT 58 166 59 166 0
RECT 76 166 129 166 0
RECT 258 166 258 224 0
RECT 54 167 55 168 0
RECT 73 167 128 167 0
RECT 147 167 259 169 0
RECT 70 168 127 168 0
RECT 73 169 126 169 0
RECT 260 169 261 224 0
RECT 47 170 48 171 0
RECT 52 170 54 170 0
RECT 73 170 125 170 0
RECT 148 170 261 171 0
RECT 52 171 53 176 0
RECT 73 171 124 171 0
RECT 262 171 262 187 0
RECT 46 172 47 174 0
RECT 51 172 53 174 0
RECT 76 172 121 173 0
RECT 150 172 262 172 0
RECT 50 173 53 174 0
RECT 75 173 121 173 0
RECT 152 173 262 173 0
RECT 45 174 47 174 0
RECT 49 174 53 174 0
RECT 78 174 120 174 0
RECT 253 174 263 185 0
RECT 44 175 46 176 0
RECT 48 175 50 175 0
RECT 79 175 118 175 0
RECT 154 175 264 175 0
RECT 47 176 49 176 0
RECT 80 176 117 176 0
RECT 155 176 264 176 0
RECT 44 177 45 177 0
RECT 47 177 48 178 0
RECT 52 177 52 177 0
RECT 105 177 115 177 0
RECT 156 177 265 177 0
RECT 41 178 41 179 0
RECT 44 178 44 181 0
RECT 46 178 48 178 0
RECT 82 178 113 178 0
RECT 264 178 266 182 0
RECT 40 179 41 179 0
RECT 46 179 47 180 0
RECT 82 179 83 179 0
RECT 86 179 101 179 0
RECT 105 179 112 179 0
RECT 267 179 267 182 0
RECT 39 180 40 181 0
RECT 45 180 47 180 0
RECT 51 180 51 187 0
RECT 88 180 98 180 0
RECT 158 180 267 181 0
RECT 38 181 40 181 0
RECT 43 181 46 181 0
RECT 95 181 97 181 0
RECT 268 181 268 182 0
RECT 38 182 38 182 0
RECT 42 182 43 183 0
RECT 45 182 46 182 0
RECT 159 182 269 182 0
RECT 44 183 45 185 0
RECT 50 183 51 187 0
RECT 159 183 265 184 0
RECT 42 184 42 185 0
RECT 33 185 35 185 0
RECT 41 185 42 185 0
RECT 159 185 264 185 0
RECT 33 186 34 186 0
RECT 41 186 41 186 0
RECT 43 186 44 186 0
RECT 158 186 262 187 0
RECT 31 187 33 187 0
RECT 42 187 43 190 0
RECT 31 188 32 189 0
RECT 50 188 50 188 0
RECT 158 188 261 189 0
RECT 159 190 261 200 0
RECT 42 191 42 191 0
RECT 158 191 261 195 0
RECT 41 192 41 194 0
RECT 262 192 262 224 0
RECT 40 194 41 194 0
RECT 263 194 263 225 0
RECT 39 195 40 196 0
RECT 264 196 264 225 0
RECT 38 197 39 197 0
RECT 265 197 265 225 0
RECT 38 198 38 198 0
RECT 266 199 266 225 0
RECT 267 200 267 225 0
RECT 160 201 267 201 0
RECT 253 202 269 216 0
RECT 270 204 270 225 0
RECT 161 205 207 205 0
RECT 214 205 270 205 0
RECT 161 206 184 206 0
RECT 196 206 200 206 0
RECT 220 206 271 206 0
RECT 162 207 182 208 0
RECT 223 207 272 207 0
RECT 225 208 272 208 0
RECT 162 209 181 209 0
RECT 227 209 272 209 0
RECT 162 210 180 210 0
RECT 233 210 272 210 0
RECT 162 211 179 211 0
RECT 235 211 272 211 0
RECT 162 212 173 213 0
RECT 239 212 273 213 0
RECT 163 214 170 214 0
RECT 242 214 274 214 0
RECT 163 215 168 216 0
RECT 248 215 275 216 0
RECT 164 217 166 217 0
RECT 245 217 251 217 0
RECT 259 217 276 222 0
RECT 166 218 166 219 0
RECT 244 218 244 218 0
RECT 256 218 277 218 0
RECT 161 219 162 224 0
RECT 165 219 166 219 0
RECT 277 219 277 222 0
RECT 159 220 165 221 0
RECT 158 222 163 222 0
RECT 210 222 214 222 0
RECT 257 222 278 222 0
RECT 158 223 162 224 0
RECT 212 223 218 224 0
RECT 257 223 274 223 0
RECT 278 223 278 224 0
RECT 157 224 162 224 0
RECT 219 224 219 225 0
RECT 259 224 272 224 0
RECT 156 225 161 226 0
RECT 216 225 222 225 0
RECT 268 225 272 225 0
RECT 220 226 230 235 0
RECT 235 226 241 227 0
RECT 156 227 158 227 0
RECT 196 227 197 227 0
RECT 231 227 231 239 0
RECT 234 227 241 227 0
RECT 155 228 157 228 0
RECT 197 228 208 229 0
RECT 214 228 215 240 0
RECT 218 228 238 228 0
RECT 155 229 156 229 0
RECT 209 229 209 232 0
RECT 216 229 216 240 0
RECT 218 229 237 232 0
RECT 199 230 238 230 0
RECT 201 231 240 231 0
RECT 205 232 240 232 0
RECT 213 233 236 233 0
RECT 212 234 235 235 0
RECT 190 235 191 237 0
RECT 209 235 235 235 0
RECT 189 236 204 236 0
RECT 207 236 221 236 0
RECT 228 236 235 236 0
RECT 284 236 284 237 0
RECT 152 237 152 238 0
RECT 192 237 219 237 0
RECT 229 237 237 237 0
RECT 239 237 240 239 0
RECT 285 237 285 238 0
RECT 192 238 217 238 0
RECT 230 238 247 238 0
RECT 151 239 151 240 0
RECT 196 239 201 239 0
RECT 206 239 216 239 0
RECT 232 239 240 239 0
RECT 245 239 253 239 0
RECT 150 240 151 240 0
RECT 198 240 200 240 0
RECT 207 240 216 240 0
RECT 232 240 238 240 0
RECT 247 240 254 240 0
RECT 286 240 286 241 0
RECT 149 241 150 242 0
RECT 207 241 214 241 0
RECT 233 241 238 241 0
RECT 249 241 256 241 0
RECT 148 242 150 242 0
RECT 205 242 213 243 0
RECT 234 242 239 242 0
RECT 287 242 287 243 0
RECT 148 243 149 243 0
RECT 235 243 240 243 0
RECT 288 243 288 245 0
RECT 146 244 148 244 0
RECT 205 244 211 245 0
RECT 236 244 240 244 0
RECT 146 245 147 246 0
RECT 204 245 211 245 0
RECT 237 245 241 245 0
RECT 289 245 289 248 0
RECT 145 246 147 246 0
RECT 200 246 210 246 0
RECT 238 246 241 246 0
RECT 145 247 146 247 0
RECT 195 247 209 247 0
RECT 239 247 242 248 0
RECT 144 248 145 249 0
RECT 190 248 208 248 0
RECT 290 248 290 250 0
RECT 143 249 145 249 0
RECT 190 249 206 249 0
RECT 241 249 243 249 0
RECT 291 249 291 251 0
RECT 143 250 144 251 0
RECT 190 250 205 250 0
RECT 243 250 245 251 0
RECT 292 250 292 254 0
RECT 189 251 204 251 0
RECT 142 252 142 253 0
RECT 187 252 203 252 0
RECT 244 252 246 252 0
RECT 293 252 293 256 0
RECT 186 253 202 253 0
RECT 246 253 247 254 0
RECT 185 254 200 254 0
RECT 140 255 141 256 0
RECT 184 255 198 256 0
RECT 247 255 248 256 0
RECT 294 255 294 257 0
RECT 183 256 198 256 0
RECT 140 257 140 257 0
RECT 183 257 197 257 0
RECT 249 257 249 257 0
RECT 182 258 195 258 0
RECT 250 258 250 259 0
RECT 139 259 139 259 0
RECT 182 259 194 259 0
RECT 251 259 251 259 0
RECT 138 260 138 261 0
RECT 180 260 193 260 0
RECT 180 261 192 261 0
RECT 252 261 252 261 0
RECT 137 262 137 263 0
RECT 178 262 191 262 0
RECT 296 262 296 263 0
RECT 136 263 137 263 0
RECT 177 263 189 264 0
RECT 135 264 136 265 0
RECT 176 264 189 264 0
RECT 134 265 136 265 0
RECT 175 265 187 266 0
RECT 297 265 297 265 0
RECT 134 266 134 267 0
RECT 172 266 187 266 0
RECT 298 266 298 266 0
RECT 133 267 134 267 0
RECT 172 267 185 267 0
RECT 132 268 133 269 0
RECT 170 268 184 268 0
RECT 169 269 183 269 0
RECT 132 270 132 270 0
RECT 167 270 182 270 0
RECT 166 271 181 271 0
RECT 166 272 180 272 0
RECT 164 273 178 273 0
RECT 163 274 177 274 0
RECT 162 275 176 275 0
RECT 265 275 266 277 0
RECT 161 276 175 276 0
RECT 267 276 267 279 0
RECT 159 277 174 278 0
RECT 266 278 269 278 0
RECT 156 279 173 280 0
RECT 268 279 270 281 0
RECT 154 280 173 280 0
RECT 271 280 272 285 0
RECT 153 281 172 281 0
RECT 273 281 273 288 0
RECT 304 281 304 339 0
RECT 151 282 171 283 0
RECT 269 282 273 282 0
RECT 305 282 305 359 0
RECT 150 283 171 283 0
RECT 270 283 273 283 0
RECT 148 284 169 285 0
RECT 146 286 168 286 0
RECT 272 286 274 286 0
RECT 306 286 306 362 0
RECT 144 287 166 287 0
RECT 274 287 275 293 0
RECT 303 287 307 337 0
RECT 142 288 165 288 0
RECT 120 289 120 294 0
RECT 140 289 163 289 0
RECT 308 289 308 365 0
RECT 119 290 120 294 0
RECT 138 290 162 291 0
RECT 302 290 308 325 0
RECT 137 291 162 291 0
RECT 135 292 161 293 0
RECT 276 292 277 294 0
RECT 285 292 285 301 0
RECT 300 292 308 299 0
RECT 134 293 161 293 0
RECT 278 293 278 296 0
RECT 284 293 285 301 0
RECT 296 293 297 304 0
RECT 134 294 160 296 0
RECT 294 294 308 299 0
RECT 117 295 119 295 0
RECT 288 295 309 297 0
RECT 116 296 118 296 0
RECT 287 296 309 297 0
RECT 116 297 117 297 0
RECT 134 297 159 297 0
RECT 286 297 309 297 0
RECT 114 298 115 300 0
RECT 132 298 158 299 0
RECT 286 298 288 299 0
RECT 292 298 309 299 0
RECT 130 300 157 301 0
RECT 293 300 299 301 0
RECT 309 300 310 370 0
RECT 113 301 114 301 0
RECT 283 301 285 301 0
RECT 113 302 113 302 0
RECT 128 302 155 302 0
RECT 278 302 278 309 0
RECT 293 302 298 302 0
RECT 301 302 310 315 0
RECT 127 303 153 303 0
RECT 294 303 297 303 0
RECT 300 303 310 310 0
RECT 126 304 152 304 0
RECT 295 304 297 304 0
RECT 125 305 150 306 0
RECT 124 306 150 306 0
RECT 123 307 149 307 0
RECT 122 308 148 308 0
RECT 279 308 279 310 0
RECT 121 309 147 309 0
RECT 280 309 280 310 0
RECT 121 310 129 310 0
RECT 131 310 146 310 0
RECT 311 310 311 365 0
RECT 120 311 128 312 0
RECT 132 311 144 312 0
RECT 119 312 128 312 0
RECT 312 312 312 365 0
RECT 118 313 127 313 0
RECT 132 313 142 313 0
RECT 118 314 126 314 0
RECT 132 314 140 314 0
RECT 117 315 125 315 0
RECT 131 315 139 316 0
RECT 117 316 123 316 0
RECT 130 316 139 316 0
RECT 313 316 313 345 0
RECT 118 317 122 317 0
RECT 129 317 138 318 0
RECT 117 318 120 318 0
RECT 128 318 138 318 0
RECT 116 319 118 320 0
RECT 127 319 137 320 0
RECT 314 320 314 337 0
RECT 116 321 117 321 0
RECT 126 321 136 321 0
RECT 315 321 315 336 0
RECT 125 322 134 323 0
RECT 124 323 134 323 0
RECT 101 324 101 325 0
RECT 123 324 133 325 0
RECT 100 325 101 325 0
RECT 122 325 133 325 0
RECT 100 326 100 326 0
RECT 121 326 131 327 0
RECT 316 326 316 334 0
RECT 97 327 99 327 0
RECT 120 327 131 327 0
RECT 302 327 316 331 0
RECT 97 328 98 328 0
RECT 119 328 129 329 0
RECT 317 328 317 333 0
RECT 97 329 97 330 0
RECT 116 329 129 329 0
RECT 114 330 128 331 0
RECT 96 331 96 336 0
RECT 318 331 318 332 0
RECT 95 332 96 335 0
RECT 113 332 126 333 0
RECT 286 333 287 333 0
RECT 111 334 125 334 0
RECT 287 334 288 336 0
RECT 97 335 97 382 0
RECT 110 335 123 336 0
RECT 98 337 98 382 0
RECT 109 337 122 339 0
RECT 289 337 290 338 0
RECT 95 338 98 382 0
RECT 107 338 122 339 0
RECT 291 338 292 342 0
RECT 307 338 313 345 0
RECT 94 339 98 382 0
RECT 290 339 292 342 0
RECT 105 340 121 341 0
RECT 293 340 293 341 0
RECT 93 341 98 382 0
RECT 103 341 121 341 0
RECT 92 342 99 382 0
RECT 102 342 120 342 0
RECT 90 343 108 345 0
RECT 115 343 118 343 0
RECT 290 343 291 344 0
RECT 89 345 108 345 0
RECT 291 345 291 348 0
RECT 89 346 107 347 0
RECT 303 346 312 357 0
RECT 88 347 107 347 0
RECT 292 347 292 349 0
RECT 302 347 313 357 0
RECT 87 348 88 349 0
RECT 100 348 107 348 0
RECT 293 348 294 349 0
RECT 297 348 313 357 0
RECT 100 349 106 349 0
RECT 295 349 314 352 0
RECT 86 350 87 350 0
RECT 100 350 105 350 0
RECT 294 350 315 350 0
RECT 86 351 86 351 0
RECT 100 351 104 355 0
RECT 315 351 316 361 0
RECT 85 352 85 352 0
RECT 317 352 317 362 0
RECT 84 353 84 353 0
RECT 91 353 104 355 0
RECT 296 353 317 355 0
RECT 83 354 83 356 0
RECT 90 354 104 355 0
RECT 318 354 318 365 0
RECT 82 356 83 356 0
RECT 90 356 103 356 0
RECT 314 356 318 361 0
RECT 81 357 82 357 0
RECT 90 357 102 359 0
RECT 81 358 81 358 0
RECT 89 358 102 359 0
RECT 297 358 303 360 0
RECT 307 358 319 361 0
RECT 89 360 101 360 0
RECT 90 361 101 361 0
RECT 297 361 302 364 0
RECT 320 361 320 371 0
RECT 74 362 77 362 0
RECT 91 362 101 362 0
RECT 307 362 313 362 0
RECT 316 362 320 362 0
RECT 74 363 74 363 0
RECT 100 363 101 365 0
RECT 307 363 312 364 0
RECT 319 363 320 371 0
RECT 296 364 302 364 0
RECT 321 364 321 371 0
RECT 296 365 301 366 0
RECT 100 366 100 382 0
RECT 295 366 301 366 0
RECT 322 366 322 371 0
RECT 68 367 70 368 0
RECT 82 367 89 382 0
RECT 101 367 101 382 0
RECT 295 367 300 370 0
RECT 323 367 323 371 0
RECT 90 368 101 382 0
RECT 294 368 300 370 0
RECT 70 369 70 369 0
RECT 318 369 325 371 0
RECT 81 371 101 382 0
RECT 294 371 299 382 0
RECT 309 371 309 371 0
RECT 79 372 101 382 0
RECT 293 372 299 381 0
RECT 78 373 102 382 0
RECT 62 374 62 382 0
RECT 77 374 102 382 0
RECT 292 374 299 381 0
RECT 63 375 64 383 0
RECT 76 375 102 382 0
RECT 61 376 64 382 0
RECT 74 376 102 382 0
RECT 60 377 102 381 0
RECT 326 377 330 386 0
RECT 103 378 118 382 0
RECT 321 378 321 384 0
RECT 324 378 330 384 0
RECT 119 379 125 382 0
RECT 129 379 137 383 0
RECT 320 379 331 384 0
RECT 126 380 149 383 0
RECT 151 380 158 383 0
RECT 206 380 208 387 0
RECT 214 380 240 386 0
RECT 300 380 309 381 0
RECT 315 380 332 383 0
RECT 150 381 168 383 0
RECT 198 381 251 385 0
RECT 310 381 310 383 0
RECT 313 381 333 383 0
RECT 65 382 263 382 0
RECT 265 382 266 384 0
RECT 300 382 301 384 0
RECT 306 382 333 382 0
RECT 65 383 68 383 0
RECT 73 383 85 383 0
RECT 124 383 268 383 0
RECT 297 383 302 383 0
RECT 311 383 336 383 0
RECT 347 383 355 384 0
RECT 358 383 365 384 0
RECT 65 384 67 384 0
RECT 74 384 85 384 0
RECT 132 384 142 384 0
RECT 156 384 267 384 0
RECT 299 384 303 384 0
RECT 311 384 311 384 0
RECT 316 384 366 384 0
RECT 182 385 257 385 0
RECT 302 385 304 385 0
RECT 331 385 350 385 0
RECT 354 385 360 385 0
RECT 185 386 244 386 0
RECT 247 386 247 386 0
RECT 305 386 306 386 0
RECT 325 386 333 386 0
RECT 185 387 217 387 0
RECT 318 387 318 387 0
RECT 322 387 322 387 0
RECT 328 387 328 387 0
RECT 188 388 199 388 0
JOKER 88 43 97 52
JOKER 87 44 96 53
JOKER 86 46 95 55
JOKER 83 48 92 57
JOKER 53 50 62 59
JOKER 82 54 91 63
JOKER 68 55 77 64
JOKER 66 56 75 65
JOKER 33 58 42 67
JOKER 49 58 58 67
JOKER 63 58 72 67
JOKER 80 58 89 67
JOKER 46 59 55 68
JOKER 58 59 67 68
JOKER 95 59 104 68
JOKER 43 60 52 69
JOKER 94 60 103 69
JOKER 42 62 51 71
JOKER 93 63 102 72
JOKER 92 65 101 74
JOKER 79 66 88 75
JOKER 37 67 46 76
JOKER 55 67 64 76
JOKER 36 68 45 77
JOKER 64 68 73 77
JOKER 89 69 98 78
JOKER 88 70 97 79
JOKER 46 71 55 80
JOKER 76 71 85 80
JOKER 73 74 82 83
JOKER 85 75 94 84
JOKER 102 75 111 84
JOKER 56 76 65 85
JOKER 98 76 107 85
JOKER 55 77 64 86
JOKER 65 77 74 86
JOKER 49 80 58 89
JOKER 82 80 91 89
JOKER 96 80 105 89
JOKER 94 82 103 91
JOKER 74 83 83 92
JOKER 47 84 56 93
JOKER 92 84 101 93
JOKER 107 84 116 93
JOKER 106 85 115 94
JOKER 66 86 75 95
JOKER 91 87 100 96
JOKER 60 88 69 97
JOKER 105 88 114 97
JOKER 57 89 66 98
JOKER 83 89 92 98
JOKER 103 90 112 99
JOKER 101 91 110 100
JOKER 75 92 84 101
JOKER 100 93 109 102
JOKER 69 95 78 104
JOKER 92 96 101 105
JOKER 64 98 73 107
JOKER 84 98 93 107
JOKER 78 101 87 110
JOKER 73 104 82 113
JOKER 93 105 102 114
JOKER 67 107 76 116
JOKER 91 107 100 116
JOKER 88 108 97 117
JOKER 87 109 96 118
JOKER 83 110 92 119
JOKER 76 113 85 122
JOKER 70 117 79 126
JOKER 81 122 90 131
JOKER 79 125 88 134
JOKER 78 126 87 135
JOKER 48 169 57 178
JOKER 47 170 56 179
JOKER 46 172 55 181
JOKER 45 174 54 183
JOKER 44 175 53 184
JOKER 41 178 50 187
JOKER 40 179 49 188
JOKER 39 180 48 189
JOKER 38 181 47 190
JOKER 50 184 59 193
JOKER 33 185 42 194
JOKER 31 187 40 196
JOKER 42 190 51 199
JOKER 40 194 49 203
JOKER 39 196 48 205
JOKER 38 197 47 206
RECT 98 156 98 156 0
RECT 53 69 54 69 4
RECT 52 70 52 70 4