RECT 0 0 399 399 1
RECT 160 30 160 43 0
RECT 161 30 161 42 0
RECT 162 30 164 41 0
RECT 165 30 166 40 0
RECT 168 30 172 40 0
RECT 157 31 157 44 0
RECT 158 31 160 43 0
RECT 167 31 173 40 0
RECT 174 31 175 32 0
RECT 156 32 157 44 0
RECT 176 32 176 32 0
RECT 151 33 157 53 0
RECT 150 34 157 53 0
RECT 149 35 157 53 0
RECT 147 36 148 54 0
RECT 175 36 177 39 0
RECT 178 36 181 38 0
RECT 146 37 148 54 0
RECT 174 37 177 39 0
RECT 145 38 148 63 0
RECT 182 38 182 40 0
RECT 144 39 148 63 0
RECT 180 39 182 40 0
RECT 143 40 143 64 0
RECT 305 41 314 59 0
RECT 295 42 295 64 0
RECT 296 42 296 63 0
RECT 297 42 301 62 0
RECT 302 42 304 61 0
RECT 292 43 293 65 0
RECT 294 43 295 64 0
RECT 88 44 88 45 0
RECT 142 44 157 53 0
RECT 278 44 280 66 0
RECT 281 44 293 65 0
RECT 276 45 277 67 0
RECT 89 46 89 46 0
RECT 93 46 93 47 0
RECT 177 46 178 46 0
RECT 273 46 274 69 0
RECT 275 46 275 68 0
RECT 345 46 346 46 0
RECT 92 47 92 48 0
RECT 180 47 180 52 0
RECT 267 47 267 76 0
RECT 268 47 268 74 0
RECT 269 47 270 73 0
RECT 271 47 271 71 0
RECT 272 47 272 70 0
RECT 337 47 337 55 0
RECT 338 47 341 54 0
RECT 342 47 344 48 0
RECT 266 48 266 77 0
RECT 335 48 336 56 0
RECT 181 49 181 51 0
RECT 182 49 182 50 0
RECT 263 49 264 80 0
RECT 265 49 265 78 0
RECT 329 49 336 56 0
RECT 87 50 90 51 0
RECT 141 50 156 51 0
RECT 173 50 173 50 0
RECT 176 50 182 50 0
RECT 259 50 259 85 0
RECT 260 50 261 83 0
RECT 262 50 262 81 0
RECT 319 50 340 50 0
RECT 177 51 181 51 0
RECT 255 51 255 89 0
RECT 256 51 256 88 0
RECT 257 51 257 86 0
RECT 258 51 259 85 0
RECT 320 51 345 51 0
RECT 54 52 57 53 0
RECT 252 52 252 92 0
RECT 253 52 253 91 0
RECT 254 52 254 90 0
RECT 323 52 345 52 0
RECT 250 53 251 93 0
RECT 325 53 345 53 0
RECT 55 54 59 54 0
RECT 156 54 157 55 0
RECT 246 54 246 101 0
RECT 247 54 247 98 0
RECT 248 54 248 97 0
RECT 249 54 249 95 0
RECT 326 54 341 54 0
RECT 57 55 58 57 0
RECT 244 55 245 102 0
RECT 328 55 337 55 0
RECT 142 56 143 64 0
RECT 238 56 272 211 0
RECT 66 57 66 57 0
RECT 141 57 143 64 0
RECT 149 57 149 57 0
RECT 184 57 184 206 0
RECT 185 57 188 205 0
RECT 234 57 272 210 0
RECT 332 57 334 57 0
RECT 140 58 143 64 0
RECT 178 58 190 131 0
RECT 230 58 272 209 0
RECT 177 59 190 131 0
RECT 229 59 272 209 0
RECT 315 59 315 61 0
RECT 42 60 42 61 0
RECT 58 60 58 65 0
RECT 65 60 65 62 0
RECT 66 60 66 61 0
RECT 139 60 143 64 0
RECT 150 60 150 60 0
RECT 174 60 190 127 0
RECT 226 60 272 208 0
RECT 306 60 317 60 0
RECT 335 60 335 61 0
RECT 41 61 42 61 0
RECT 57 61 58 61 0
RECT 84 61 85 61 0
RECT 138 61 143 64 0
RECT 170 61 190 122 0
RECT 223 61 272 207 0
RECT 307 61 315 61 0
RECT 317 61 317 61 0
RECT 37 62 38 62 0
RECT 59 62 59 63 0
RECT 63 62 63 67 0
RECT 64 62 64 64 0
RECT 137 62 143 64 0
RECT 167 62 188 64 0
RECT 221 62 271 206 0
RECT 38 63 40 63 0
RECT 45 63 45 63 0
RECT 62 63 63 67 0
RECT 82 63 82 63 0
RECT 136 63 143 64 0
RECT 164 63 188 64 0
RECT 212 63 270 204 0
RECT 39 64 41 65 0
RECT 147 64 149 64 0
RECT 162 64 163 65 0
RECT 211 64 270 204 0
RECT 38 65 38 67 0
RECT 42 65 44 67 0
RECT 61 65 61 69 0
RECT 83 65 84 68 0
RECT 148 65 148 69 0
RECT 149 65 150 68 0
RECT 159 65 163 65 0
RECT 168 65 189 68 0
RECT 208 65 270 204 0
RECT 41 66 50 67 0
RECT 52 66 52 69 0
RECT 53 66 53 68 0
RECT 59 66 59 69 0
RECT 60 66 61 68 0
RECT 82 66 82 69 0
RECT 92 66 92 66 0
RECT 167 66 189 67 0
RECT 206 66 207 205 0
RECT 51 67 54 75 0
RECT 85 67 85 68 0
RECT 151 67 153 67 0
RECT 204 67 207 205 0
RECT 37 68 37 68 0
RECT 43 68 53 68 0
RECT 81 68 81 70 0
RECT 191 68 207 205 0
RECT 44 69 52 69 0
RECT 63 69 64 70 0
RECT 169 69 243 121 0
RECT 41 70 42 73 0
RECT 48 70 51 72 0
RECT 58 70 58 73 0
RECT 62 70 64 70 0
RECT 67 70 67 71 0
RECT 79 70 80 72 0
RECT 89 70 89 75 0
RECT 92 70 92 73 0
RECT 93 70 93 72 0
RECT 94 70 96 70 0
RECT 167 70 256 87 0
RECT 57 71 58 72 0
RECT 64 71 66 72 0
RECT 90 71 91 74 0
RECT 161 71 161 72 0
RECT 162 71 163 71 0
RECT 166 71 257 86 0
RECT 44 72 44 72 0
RECT 55 72 58 72 0
RECT 85 72 85 72 0
RECT 97 72 97 72 0
RECT 159 72 159 73 0
RECT 160 72 161 72 0
RECT 43 73 43 73 0
RECT 49 73 53 73 0
RECT 80 73 80 73 0
RECT 88 73 88 76 0
RECT 158 73 159 73 0
RECT 164 73 257 86 0
RECT 50 74 54 75 0
RECT 84 74 84 74 0
RECT 86 74 89 75 0
RECT 156 74 156 75 0
RECT 157 74 157 74 0
RECT 162 74 259 85 0
RECT 81 75 84 78 0
RECT 154 75 155 76 0
RECT 52 76 54 77 0
RECT 55 76 55 76 0
RECT 61 76 61 78 0
RECT 74 76 74 77 0
RECT 75 76 75 76 0
RECT 87 76 88 76 0
RECT 153 76 153 77 0
RECT 161 76 161 86 0
RECT 78 77 79 77 0
RECT 152 77 153 77 0
RECT 159 77 161 86 0
RECT 53 78 54 78 0
RECT 60 78 61 78 0
RECT 79 78 79 79 0
RECT 80 78 86 78 0
RECT 98 78 98 78 0
RECT 158 78 264 80 0
RECT 50 79 52 80 0
RECT 54 79 55 84 0
RECT 63 79 64 80 0
RECT 68 79 71 80 0
RECT 82 79 84 79 0
RECT 101 79 101 80 0
RECT 102 79 103 79 0
RECT 156 79 156 81 0
RECT 157 79 264 80 0
RECT 53 80 55 80 0
RECT 84 80 84 80 0
RECT 155 80 156 81 0
RECT 59 81 59 88 0
RECT 69 81 70 81 0
RECT 78 81 78 81 0
RECT 82 81 83 81 0
RECT 89 81 89 81 0
RECT 153 81 156 81 0
RECT 56 82 60 86 0
RECT 81 82 81 82 0
RECT 158 82 161 86 0
RECT 53 83 59 83 0
RECT 91 83 91 86 0
RECT 49 84 52 84 0
RECT 63 84 65 95 0
RECT 87 84 89 85 0
RECT 90 84 91 86 0
RECT 102 84 103 89 0
RECT 106 84 106 84 0
RECT 153 84 259 85 0
RECT 50 85 51 85 0
RECT 55 85 60 86 0
RECT 62 85 64 93 0
RECT 94 85 94 87 0
RECT 104 85 105 87 0
RECT 61 86 65 91 0
RECT 71 86 72 91 0
RECT 84 86 85 91 0
RECT 86 86 86 89 0
RECT 95 86 97 86 0
RECT 110 86 110 86 0
RECT 154 86 161 86 0
RECT 58 87 58 89 0
RECT 60 87 68 87 0
RECT 92 87 93 89 0
RECT 97 87 97 93 0
RECT 98 87 98 90 0
RECT 147 87 147 87 0
RECT 66 88 69 88 0
RECT 99 88 100 89 0
RECT 101 88 103 89 0
RECT 168 88 243 120 0
RECT 73 89 74 89 0
RECT 151 89 153 90 0
RECT 66 90 67 91 0
RECT 82 90 83 93 0
RECT 94 90 97 91 0
RECT 154 90 159 94 0
RECT 164 90 243 120 0
RECT 68 91 70 93 0
RECT 152 91 252 92 0
RECT 95 92 95 95 0
RECT 96 92 96 94 0
RECT 99 92 99 93 0
RECT 88 93 88 94 0
RECT 153 93 251 93 0
RECT 55 94 56 110 0
RECT 66 94 68 104 0
RECT 69 94 70 94 0
RECT 79 94 81 94 0
RECT 87 94 88 94 0
RECT 146 94 146 97 0
RECT 160 94 245 102 0
RECT 81 95 81 97 0
RECT 84 95 87 96 0
RECT 94 95 94 96 0
RECT 155 95 249 95 0
RECT 49 96 50 96 0
RECT 64 96 67 96 0
RECT 82 96 90 96 0
RECT 147 96 147 96 0
RECT 156 96 248 96 0
RECT 65 97 67 102 0
RECT 73 97 75 98 0
RECT 85 97 85 100 0
RECT 86 97 86 99 0
RECT 87 97 87 98 0
RECT 88 97 90 97 0
RECT 157 97 248 97 0
RECT 50 98 52 101 0
RECT 72 98 75 98 0
RECT 158 98 247 98 0
RECT 84 99 85 110 0
RECT 95 99 96 99 0
RECT 151 99 152 100 0
RECT 159 99 246 101 0
RECT 57 100 58 122 0
RECT 83 100 86 109 0
RECT 94 100 94 100 0
RECT 53 101 53 105 0
RECT 54 101 57 102 0
RECT 79 101 79 105 0
RECT 80 101 81 104 0
RECT 82 101 85 108 0
RECT 97 101 97 101 0
RECT 52 102 53 105 0
RECT 69 102 70 102 0
RECT 78 102 78 107 0
RECT 87 102 87 108 0
RECT 77 103 77 109 0
RECT 88 103 90 107 0
RECT 92 103 93 104 0
RECT 153 103 154 104 0
RECT 161 103 243 103 0
RECT 69 104 70 107 0
RECT 74 104 76 109 0
RECT 91 104 91 106 0
RECT 162 104 243 119 0
RECT 67 105 70 105 0
RECT 73 105 77 109 0
RECT 81 105 91 105 0
RECT 137 105 137 107 0
RECT 138 105 138 106 0
RECT 139 105 139 105 0
RECT 154 105 160 109 0
RECT 68 106 70 107 0
RECT 72 106 75 118 0
RECT 135 106 135 109 0
RECT 136 106 136 108 0
RECT 161 107 243 119 0
RECT 70 108 77 108 0
RECT 134 108 134 110 0
RECT 71 109 77 109 0
RECT 133 109 134 110 0
RECT 130 110 131 112 0
RECT 132 110 132 111 0
RECT 142 110 143 112 0
RECT 155 110 157 118 0
RECT 158 110 243 116 0
RECT 56 111 56 123 0
RECT 71 111 73 117 0
RECT 78 111 78 115 0
RECT 129 111 129 113 0
RECT 128 112 128 115 0
RECT 154 112 157 118 0
RECT 127 113 128 115 0
RECT 143 113 144 118 0
RECT 150 113 151 123 0
RECT 152 113 153 122 0
RECT 86 114 86 115 0
RECT 146 114 146 126 0
RECT 147 114 147 124 0
RECT 148 114 151 123 0
RECT 84 115 85 117 0
RECT 145 115 146 125 0
RECT 70 116 73 116 0
RECT 83 116 83 118 0
RECT 159 117 243 117 0
RECT 82 118 82 120 0
RECT 160 118 243 118 0
RECT 73 119 77 122 0
RECT 81 119 82 119 0
RECT 127 119 127 121 0
RECT 144 119 153 120 0
RECT 156 119 157 119 0
RECT 157 120 158 120 0
RECT 59 121 59 128 0
RECT 81 121 81 121 0
RECT 158 121 158 121 0
RECT 166 121 166 121 0
RECT 79 122 79 124 0
RECT 80 122 80 123 0
RECT 167 122 168 125 0
RECT 58 123 59 128 0
RECT 74 123 77 123 0
RECT 153 123 153 123 0
RECT 172 123 244 124 0
RECT 76 124 79 124 0
RECT 120 124 121 126 0
RECT 154 124 154 124 0
RECT 53 125 53 157 0
RECT 54 125 54 153 0
RECT 78 125 78 125 0
RECT 119 125 121 126 0
RECT 173 125 244 125 0
RECT 52 126 55 151 0
RECT 56 126 56 147 0
RECT 57 126 58 137 0
RECT 76 126 77 128 0
RECT 168 126 169 126 0
RECT 121 127 123 128 0
RECT 125 127 127 132 0
RECT 157 127 158 127 0
RECT 169 127 170 127 0
RECT 170 128 170 128 0
RECT 175 128 245 131 0
RECT 122 129 128 131 0
RECT 134 130 134 162 0
RECT 161 130 161 131 0
RECT 174 130 245 130 0
RECT 135 131 136 160 0
RECT 59 132 59 136 0
RECT 123 132 124 133 0
RECT 128 132 129 137 0
RECT 180 132 180 210 0
RECT 181 132 181 209 0
RECT 182 132 182 208 0
RECT 183 132 184 206 0
RECT 189 132 207 205 0
RECT 126 133 128 133 0
RECT 51 134 55 149 0
RECT 114 134 121 137 0
RECT 124 134 124 134 0
RECT 127 134 128 134 0
RECT 137 134 137 159 0
RECT 50 135 57 141 0
RECT 69 135 72 139 0
RECT 111 135 112 139 0
RECT 113 135 113 138 0
RECT 68 136 72 139 0
RECT 122 136 123 138 0
RECT 130 136 131 165 0
RECT 138 136 138 158 0
RECT 67 137 73 137 0
RECT 124 137 126 141 0
RECT 132 137 133 163 0
RECT 139 137 140 157 0
RECT 162 137 164 142 0
RECT 175 137 175 140 0
RECT 179 137 179 211 0
RECT 73 138 73 138 0
RECT 110 138 110 145 0
RECT 120 138 120 138 0
RECT 129 138 129 166 0
RECT 141 138 143 156 0
RECT 153 138 154 140 0
RECT 165 138 168 142 0
RECT 170 138 171 142 0
RECT 172 138 174 141 0
RECT 123 139 126 139 0
RECT 155 139 156 142 0
RECT 161 139 171 142 0
RECT 178 139 247 140 0
RECT 49 140 56 140 0
RECT 71 140 71 142 0
RECT 72 140 72 140 0
RECT 109 140 111 144 0
RECT 127 140 145 144 0
RECT 157 140 158 143 0
RECT 159 140 171 142 0
RECT 112 141 113 143 0
RECT 154 141 174 141 0
RECT 57 142 57 145 0
RECT 58 142 58 143 0
RECT 70 142 72 168 0
RECT 114 142 115 143 0
RECT 126 142 141 142 0
RECT 178 142 179 211 0
RECT 50 143 55 148 0
RECT 69 143 71 167 0
RECT 168 143 168 216 0
RECT 169 143 170 214 0
RECT 176 143 179 211 0
RECT 68 144 71 166 0
RECT 158 144 158 144 0
RECT 167 144 168 216 0
RECT 172 144 173 213 0
RECT 174 144 179 211 0
RECT 49 145 56 146 0
RECT 88 145 88 145 0
RECT 128 145 128 167 0
RECT 144 145 148 159 0
RECT 171 145 173 213 0
RECT 67 146 74 166 0
RECT 127 146 127 168 0
RECT 149 146 151 171 0
RECT 161 146 184 206 0
RECT 75 147 76 173 0
RECT 126 147 126 169 0
RECT 152 147 153 173 0
RECT 157 147 249 179 0
RECT 66 148 76 165 0
RECT 95 148 97 151 0
RECT 154 148 249 175 0
RECT 123 149 249 150 0
RECT 65 150 81 165 0
RECT 83 150 83 179 0
RECT 84 150 91 178 0
RECT 104 150 106 157 0
RECT 121 150 249 150 0
RECT 64 151 92 164 0
RECT 98 151 99 156 0
RECT 103 151 105 154 0
RECT 96 152 98 152 0
RECT 110 152 111 153 0
RECT 97 153 99 153 0
RECT 112 153 115 155 0
RECT 63 154 92 163 0
RECT 111 154 117 154 0
RECT 116 155 121 157 0
RECT 52 156 52 158 0
RECT 62 156 92 163 0
RECT 94 156 97 180 0
RECT 107 156 108 160 0
RECT 115 156 251 156 0
RECT 99 157 99 157 0
RECT 122 157 124 171 0
RECT 125 157 125 170 0
RECT 143 157 252 158 0
RECT 105 158 112 160 0
RECT 118 158 138 158 0
RECT 119 159 120 174 0
RECT 121 159 121 173 0
RECT 58 160 58 161 0
RECT 98 160 98 180 0
RECT 113 160 113 161 0
RECT 114 160 114 160 0
RECT 145 160 254 163 0
RECT 51 161 51 161 0
RECT 57 161 57 164 0
RECT 61 161 61 164 0
RECT 99 161 100 179 0
RECT 111 161 113 161 0
RECT 56 162 56 166 0
RECT 60 162 60 165 0
RECT 118 162 118 175 0
RECT 55 163 55 168 0
RECT 93 163 98 180 0
RECT 101 163 101 179 0
RECT 117 163 117 176 0
RECT 59 164 59 166 0
RECT 102 164 105 178 0
RECT 116 164 117 176 0
RECT 146 164 257 166 0
RECT 58 165 59 166 0
RECT 82 165 83 179 0
RECT 92 165 98 180 0
RECT 107 165 111 179 0
RECT 115 165 115 177 0
RECT 54 166 54 170 0
RECT 77 166 121 173 0
RECT 73 167 124 171 0
RECT 147 167 260 169 0
RECT 53 169 53 175 0
RECT 71 169 126 169 0
RECT 148 170 262 171 0
RECT 52 172 53 174 0
RECT 74 172 121 172 0
RECT 150 172 262 172 0
RECT 46 173 46 174 0
RECT 50 174 53 174 0
RECT 78 174 120 174 0
RECT 153 174 263 174 0
RECT 49 175 49 175 0
RECT 79 175 118 175 0
RECT 80 176 117 176 0
RECT 155 176 264 176 0
RECT 47 177 47 178 0
RECT 48 177 48 177 0
RECT 81 177 115 177 0
RECT 156 177 265 177 0
RECT 106 178 112 179 0
RECT 113 178 113 178 0
RECT 86 179 101 179 0
RECT 105 179 112 179 0
RECT 46 180 46 181 0
RECT 88 180 98 180 0
RECT 158 180 268 181 0
RECT 95 181 97 181 0
RECT 159 182 267 200 0
RECT 34 185 34 185 0
RECT 44 185 44 185 0
RECT 33 186 33 186 0
RECT 158 186 261 189 0
RECT 42 189 42 189 0
RECT 158 191 262 195 0
RECT 41 193 41 193 0
RECT 160 201 267 201 0
RECT 214 205 270 205 0
RECT 196 206 200 206 0
RECT 220 206 271 206 0
RECT 162 207 173 213 0
RECT 225 208 272 208 0
RECT 227 209 272 209 0
RECT 233 210 272 210 0
RECT 235 211 272 211 0
RECT 239 212 273 213 0
RECT 163 214 168 216 0
RECT 242 214 274 214 0
RECT 246 215 275 215 0
RECT 247 216 251 217 0
RECT 252 216 275 216 0
RECT 164 217 166 217 0
RECT 245 217 251 217 0
RECT 254 217 276 217 0
RECT 166 218 166 219 0
RECT 244 218 244 218 0
RECT 256 218 277 218 0
RECT 161 219 161 226 0
RECT 162 219 162 224 0
RECT 165 219 165 221 0
RECT 258 219 272 224 0
RECT 273 219 274 223 0
RECT 275 219 278 222 0
RECT 159 220 161 226 0
RECT 163 220 163 222 0
RECT 164 220 165 221 0
RECT 158 222 158 227 0
RECT 210 222 214 222 0
RECT 257 222 274 223 0
RECT 212 223 219 224 0
RECT 278 223 278 224 0
RECT 157 224 157 228 0
RECT 156 225 156 229 0
RECT 216 225 222 225 0
RECT 263 225 272 225 0
RECT 220 226 221 236 0
RECT 222 226 231 235 0
RECT 235 226 240 243 0
RECT 241 226 241 227 0
RECT 196 227 197 227 0
RECT 234 227 239 242 0
RECT 155 228 156 229 0
RECT 197 228 209 229 0
RECT 214 228 214 241 0
RECT 215 228 216 240 0
RECT 218 228 219 237 0
RECT 232 228 238 240 0
RECT 199 230 238 230 0
RECT 201 231 240 231 0
RECT 205 232 240 232 0
RECT 213 233 213 243 0
RECT 217 233 217 238 0
RECT 212 234 213 243 0
RECT 190 235 192 237 0
RECT 209 235 209 247 0
RECT 210 235 210 246 0
RECT 211 235 211 245 0
RECT 189 236 204 236 0
RECT 207 236 208 248 0
RECT 228 236 235 236 0
RECT 284 236 285 237 0
RECT 152 237 152 238 0
RECT 193 237 217 238 0
RECT 229 237 237 237 0
RECT 192 238 217 238 0
RECT 230 238 247 238 0
RECT 285 238 285 238 0
RECT 151 239 151 240 0
RECT 196 239 201 239 0
RECT 206 239 216 239 0
RECT 231 239 240 239 0
RECT 245 239 253 239 0
RECT 150 240 150 242 0
RECT 198 240 200 240 0
RECT 247 240 254 240 0
RECT 286 240 286 241 0
RECT 149 241 149 243 0
RECT 233 241 238 241 0
RECT 249 241 256 241 0
RECT 148 242 148 244 0
RECT 205 242 205 250 0
RECT 206 242 206 249 0
RECT 287 242 288 243 0
RECT 146 244 146 247 0
RECT 147 244 147 246 0
RECT 236 244 240 244 0
RECT 288 244 289 245 0
RECT 204 245 204 251 0
RECT 237 245 241 245 0
RECT 145 246 145 249 0
RECT 200 246 200 254 0
RECT 201 246 202 253 0
RECT 203 246 203 252 0
RECT 238 246 241 246 0
RECT 289 246 290 248 0
RECT 195 247 195 258 0
RECT 196 247 197 257 0
RECT 198 247 198 256 0
RECT 199 247 200 254 0
RECT 239 247 242 248 0
RECT 144 248 144 251 0
RECT 190 248 191 262 0
RECT 192 248 192 261 0
RECT 193 248 193 260 0
RECT 194 248 194 259 0
RECT 143 249 144 251 0
RECT 241 249 243 249 0
RECT 290 249 292 250 0
RECT 243 250 245 251 0
RECT 189 251 189 264 0
RECT 291 251 292 251 0
RECT 142 252 142 253 0
RECT 187 252 187 266 0
RECT 188 252 189 264 0
RECT 244 252 246 252 0
RECT 292 252 293 254 0
RECT 186 253 187 266 0
RECT 246 253 247 254 0
RECT 185 254 185 267 0
RECT 140 255 140 257 0
RECT 141 255 141 256 0
RECT 184 255 184 268 0
RECT 247 255 248 256 0
RECT 293 255 294 256 0
RECT 183 256 183 269 0
RECT 249 257 249 257 0
RECT 294 257 294 257 0
RECT 182 258 182 270 0
RECT 250 258 251 259 0
RECT 139 259 139 259 0
RECT 138 260 138 261 0
RECT 180 260 180 272 0
RECT 181 260 181 271 0
RECT 252 261 252 261 0
RECT 137 262 137 263 0
RECT 178 262 178 273 0
RECT 179 262 180 272 0
RECT 296 262 296 263 0
RECT 136 263 136 265 0
RECT 177 263 177 274 0
RECT 135 264 136 265 0
RECT 176 264 176 275 0
RECT 134 265 134 267 0
RECT 175 265 175 276 0
RECT 297 265 297 265 0
RECT 172 266 172 281 0
RECT 173 266 173 280 0
RECT 174 266 174 278 0
RECT 298 266 298 266 0
RECT 133 267 133 269 0
RECT 132 268 132 270 0
RECT 170 268 171 283 0
RECT 169 269 169 285 0
RECT 167 270 168 286 0
RECT 166 271 166 287 0
RECT 164 273 165 288 0
RECT 163 274 163 289 0
RECT 162 275 162 291 0
RECT 265 275 267 277 0
RECT 161 276 161 293 0
RECT 159 277 159 297 0
RECT 160 277 160 296 0
RECT 266 278 269 278 0
RECT 156 279 157 301 0
RECT 158 279 158 299 0
RECT 267 279 270 279 0
RECT 154 280 155 302 0
RECT 268 280 273 281 0
RECT 153 281 153 303 0
RECT 304 281 305 339 0
RECT 151 282 152 304 0
RECT 269 282 273 282 0
RECT 150 283 150 306 0
RECT 270 283 273 283 0
RECT 148 284 148 308 0
RECT 149 284 149 307 0
RECT 271 284 273 285 0
RECT 146 286 146 310 0
RECT 147 286 147 309 0
RECT 272 286 274 286 0
RECT 306 286 307 362 0
RECT 144 287 144 312 0
RECT 145 287 146 310 0
RECT 273 287 275 288 0
RECT 303 287 308 337 0
RECT 142 288 142 313 0
RECT 143 288 144 312 0
RECT 120 289 120 294 0
RECT 140 289 140 314 0
RECT 141 289 142 313 0
RECT 274 289 276 293 0
RECT 119 290 119 295 0
RECT 138 290 138 318 0
RECT 139 290 139 316 0
RECT 302 290 309 325 0
RECT 137 291 137 320 0
RECT 135 292 136 321 0
RECT 277 292 278 294 0
RECT 285 292 285 301 0
RECT 300 292 309 299 0
RECT 134 293 134 323 0
RECT 284 293 285 301 0
RECT 296 293 297 304 0
RECT 276 294 278 294 0
RECT 294 294 297 303 0
RECT 298 294 298 302 0
RECT 299 294 299 301 0
RECT 117 295 117 297 0
RECT 118 295 118 296 0
RECT 278 295 278 296 0
RECT 288 295 288 299 0
RECT 289 295 309 297 0
RECT 116 296 117 297 0
RECT 287 296 288 299 0
RECT 286 297 288 299 0
RECT 114 298 114 301 0
RECT 115 298 115 300 0
RECT 132 298 133 325 0
RECT 292 298 309 299 0
RECT 130 300 147 309 0
RECT 293 300 298 302 0
RECT 310 300 310 370 0
RECT 113 301 113 302 0
RECT 283 301 285 301 0
RECT 128 302 128 312 0
RECT 129 302 129 310 0
RECT 278 302 279 309 0
RECT 301 302 311 315 0
RECT 127 303 127 313 0
RECT 300 303 311 310 0
RECT 126 304 126 314 0
RECT 295 304 297 304 0
RECT 125 305 125 315 0
RECT 124 306 125 315 0
RECT 123 307 123 316 0
RECT 122 308 122 317 0
RECT 121 309 122 317 0
RECT 280 309 280 310 0
RECT 131 310 146 310 0
RECT 279 310 280 310 0
RECT 120 311 120 318 0
RECT 119 312 120 318 0
RECT 312 312 312 365 0
RECT 118 313 118 320 0
RECT 117 315 123 316 0
RECT 131 315 131 327 0
RECT 130 316 131 327 0
RECT 311 316 312 365 0
RECT 313 316 313 345 0
RECT 129 317 129 329 0
RECT 117 318 117 321 0
RECT 128 318 128 331 0
RECT 116 319 117 321 0
RECT 127 319 128 331 0
RECT 314 320 314 337 0
RECT 126 321 126 333 0
RECT 315 321 315 336 0
RECT 125 322 125 334 0
RECT 124 323 125 334 0
RECT 101 324 101 325 0
RECT 123 324 123 336 0
RECT 100 325 100 326 0
RECT 122 325 122 339 0
RECT 121 326 121 341 0
RECT 309 326 309 371 0
RECT 316 326 316 334 0
RECT 97 327 97 330 0
RECT 98 327 98 328 0
RECT 99 327 99 327 0
RECT 120 327 120 342 0
RECT 302 327 317 331 0
RECT 119 328 120 342 0
RECT 116 329 118 343 0
RECT 114 330 120 342 0
RECT 96 331 97 336 0
RECT 318 331 318 332 0
RECT 95 332 97 335 0
RECT 113 332 120 342 0
RECT 317 332 317 333 0
RECT 286 333 287 333 0
RECT 111 334 120 342 0
RECT 287 334 288 336 0
RECT 110 335 120 342 0
RECT 97 337 99 382 0
RECT 109 337 120 342 0
RECT 289 337 291 338 0
RECT 95 338 99 382 0
RECT 107 338 107 348 0
RECT 108 338 108 345 0
RECT 292 338 292 342 0
RECT 308 338 312 365 0
RECT 94 339 99 382 0
RECT 290 339 291 344 0
RECT 105 340 105 350 0
RECT 106 340 106 349 0
RECT 293 340 293 341 0
RECT 305 340 314 359 0
RECT 93 341 99 382 0
RECT 103 341 103 356 0
RECT 104 341 104 355 0
RECT 92 342 100 382 0
RECT 102 342 102 359 0
RECT 90 343 107 347 0
RECT 115 343 118 343 0
RECT 89 345 107 347 0
RECT 291 345 292 348 0
RECT 303 346 303 360 0
RECT 304 346 313 357 0
RECT 88 347 88 349 0
RECT 302 347 302 364 0
RECT 87 348 87 350 0
RECT 101 348 101 365 0
RECT 293 348 295 349 0
RECT 297 348 302 383 0
RECT 292 349 314 349 0
RECT 86 350 86 351 0
RECT 294 350 315 350 0
RECT 295 351 317 352 0
RECT 85 352 85 352 0
RECT 84 353 84 353 0
RECT 91 353 101 362 0
RECT 296 353 318 355 0
RECT 83 354 83 356 0
RECT 90 354 101 361 0
RECT 82 356 82 357 0
RECT 315 356 319 361 0
RECT 81 357 81 358 0
RECT 89 358 101 360 0
RECT 313 360 313 362 0
RECT 314 360 320 361 0
RECT 74 362 74 363 0
RECT 75 362 77 362 0
RECT 316 362 320 362 0
RECT 307 363 312 364 0
RECT 318 363 321 365 0
RECT 296 364 301 382 0
RECT 295 366 301 382 0
RECT 319 366 323 371 0
RECT 68 367 70 368 0
RECT 82 367 85 384 0
RECT 86 367 90 382 0
RECT 101 367 102 382 0
RECT 91 368 102 382 0
RECT 294 368 301 382 0
RECT 70 369 70 369 0
RECT 318 369 325 371 0
RECT 81 371 85 384 0
RECT 79 372 85 384 0
RECT 293 372 300 381 0
RECT 78 373 85 384 0
RECT 62 374 63 382 0
RECT 77 374 85 384 0
RECT 292 374 300 381 0
RECT 64 375 65 383 0
RECT 76 375 85 384 0
RECT 61 376 65 382 0
RECT 74 376 85 384 0
RECT 60 377 103 381 0
RECT 326 377 331 386 0
RECT 104 378 119 382 0
RECT 321 378 322 384 0
RECT 324 378 331 384 0
RECT 120 379 126 382 0
RECT 129 379 138 383 0
RECT 320 379 332 384 0
RECT 127 380 150 383 0
RECT 151 380 159 383 0
RECT 206 380 209 387 0
RECT 214 380 217 387 0
RECT 218 380 241 386 0
RECT 303 380 310 381 0
RECT 315 380 333 383 0
RECT 160 381 169 384 0
RECT 198 381 199 388 0
RECT 200 381 217 387 0
RECT 242 381 244 386 0
RECT 245 381 252 385 0
RECT 313 381 334 383 0
RECT 66 382 67 384 0
RECT 68 382 68 383 0
RECT 69 382 263 382 0
RECT 265 382 267 384 0
RECT 306 382 333 382 0
RECT 63 383 68 383 0
RECT 73 383 85 383 0
RECT 124 383 268 383 0
RECT 310 383 336 383 0
RECT 347 383 350 385 0
RECT 351 383 356 384 0
RECT 358 383 360 385 0
RECT 361 383 366 384 0
RECT 65 384 67 384 0
RECT 132 384 142 384 0
RECT 156 384 267 384 0
RECT 299 384 303 384 0
RECT 311 384 311 384 0
RECT 316 384 366 384 0
RECT 182 385 257 385 0
RECT 302 385 304 385 0
RECT 332 385 333 386 0
RECT 334 385 350 385 0
RECT 354 385 360 385 0
RECT 185 386 217 387 0
RECT 247 386 247 386 0
RECT 305 386 306 386 0
RECT 325 386 333 386 0
RECT 318 387 318 387 0
RECT 322 387 322 387 0
RECT 328 387 328 387 0
RECT 188 388 199 388 0
RECT 166 30 167 30 1
RECT 172 30 173 30 1
RECT 175 31 176 31 1
RECT 172 33 174 36 1
RECT 171 34 172 35 1
RECT 181 36 182 36 1
RECT 314 41 315 58 1
RECT 313 42 314 57 1
RECT 311 43 313 57 1
RECT 310 44 311 55 1
RECT 156 45 158 46 1
RECT 154 46 156 46 1
RECT 309 49 310 54 1
RECT 157 50 158 52 1
RECT 341 50 342 50 1
RECT 146 55 147 57 1
RECT 148 55 149 56 1
RECT 188 57 189 57 1
RECT 147 58 149 58 1
RECT 190 58 191 67 1
RECT 148 59 149 61 1
RECT 189 62 190 65 1
RECT 150 65 151 66 1
RECT 53 70 54 70 1
RECT 272 71 273 206 1
RECT 271 72 272 205 1
RECT 269 74 271 181 1
RECT 268 75 269 180 1
RECT 84 76 85 77 1
RECT 267 77 268 178 1
RECT 266 78 267 177 1
RECT 265 79 266 176 1
RECT 263 81 265 173 1
RECT 262 82 263 170 1
RECT 260 84 262 168 1
RECT 65 86 65 86 1
RECT 258 86 260 165 1
RECT 257 87 258 164 1
RECT 153 89 154 89 1
RECT 256 89 257 161 1
RECT 159 90 160 90 1
RECT 255 90 256 161 1
RECT 254 91 255 160 1
RECT 253 92 254 158 1
RECT 252 93 253 157 1
RECT 56 94 57 96 1
RECT 250 94 252 152 1
RECT 249 96 250 149 1
RECT 52 98 53 100 1
RECT 248 98 249 144 1
RECT 152 99 153 99 1
RECT 247 99 248 139 1
RECT 58 100 59 118 1
RECT 68 101 68 101 1
RECT 81 101 81 101 1
RECT 246 102 247 133 1
RECT 154 103 155 103 1
RECT 244 103 246 122 1
RECT 160 105 161 105 1
RECT 143 110 144 110 1
RECT 75 112 75 112 1
RECT 144 113 145 113 1
RECT 168 122 169 123 1
RECT 245 123 246 126 1
RECT 121 125 122 125 1
RECT 123 127 124 127 1
RECT 127 127 128 128 1
RECT 58 129 59 131 1
RECT 128 129 129 129 1
RECT 136 131 137 131 1
RECT 129 132 130 134 1
RECT 121 134 122 134 1
RECT 123 136 124 136 1
RECT 131 136 132 136 1
RECT 126 137 127 138 1
RECT 140 137 141 137 1
RECT 164 137 165 137 1
RECT 57 138 58 140 1
RECT 143 138 144 139 1
RECT 154 138 155 138 1
RECT 168 138 169 138 1
RECT 156 139 157 139 1
RECT 111 140 112 140 1
RECT 145 140 146 143 1
RECT 113 141 114 141 1
RECT 72 142 73 144 1
RECT 142 142 145 142 1
RECT 71 143 72 144 1
RECT 170 143 171 144 1
RECT 148 145 149 145 1
RECT 74 146 75 146 1
RECT 151 146 152 146 1
RECT 76 147 77 149 1
RECT 153 147 154 147 1
RECT 97 148 98 149 1
RECT 81 150 82 150 1
RECT 91 150 92 150 1
RECT 106 150 107 155 1
RECT 92 151 93 160 1
RECT 99 151 100 152 1
RECT 105 152 106 153 1
RECT 111 152 112 152 1
RECT 115 153 116 153 1
RECT 251 153 252 153 1
RECT 121 155 122 155 1
RECT 97 156 98 158 1
RECT 108 156 109 157 1
RECT 112 158 113 158 1
RECT 100 161 101 161 1
RECT 105 164 106 165 1
RECT 111 165 112 165 1
RECT 259 166 260 166 1
RECT 264 174 265 174 1
RECT 270 182 271 203 1
RECT 266 183 270 198 1
RECT 265 185 266 196 1
RECT 263 186 265 193 1
RECT 262 188 263 191 1
RECT 264 194 265 195 1
RECT 267 199 270 199 1
RECT 268 200 270 201 1
RECT 278 219 279 221 1
RECT 219 223 220 223 1
RECT 231 226 232 226 1
RECT 209 228 210 228 1
RECT 216 228 217 228 1
RECT 239 228 241 230 1
RECT 238 229 239 229 1
RECT 237 233 241 236 1
RECT 236 234 237 236 1
RECT 192 235 193 235 1
RECT 285 236 286 236 1
RECT 238 237 238 237 1
RECT 239 240 241 241 1
RECT 240 242 241 242 1
RECT 288 242 289 242 1
RECT 289 244 290 244 1
RECT 290 246 291 247 1
RECT 292 249 293 249 1
RECT 251 258 252 258 1
RECT 267 275 268 275 1
RECT 273 280 274 280 1
RECT 305 281 306 281 1
RECT 307 286 308 286 1
RECT 308 287 309 288 1
RECT 276 289 277 291 1
RECT 309 290 310 294 1
RECT 278 292 279 292 1
RECT 279 302 280 307 1
RECT 311 302 312 309 1
RECT 317 327 318 327 1
RECT 97 331 98 334 1
RECT 99 337 100 341 1
RECT 291 337 292 337 1
RECT 314 340 315 348 1
RECT 100 342 101 342 1
RECT 292 345 293 346 1
RECT 313 346 314 346 1
RECT 295 348 296 348 1
RECT 317 351 318 351 1
RECT 318 353 319 353 1
RECT 319 356 320 357 1
RECT 320 360 321 360 1
RECT 321 363 322 363 1
RECT 302 365 303 379 1
RECT 323 366 324 366 1
RECT 90 367 91 367 1
RECT 102 367 103 372 1
RECT 301 367 302 379 1
RECT 300 371 301 379 1
RECT 63 374 64 374 1
RECT 65 375 66 376 1
RECT 103 377 104 377 1
RECT 331 377 332 378 1
RECT 119 378 120 378 1
RECT 322 378 323 378 1
RECT 126 379 127 379 1
RECT 138 379 139 379 1
RECT 332 379 333 379 1
RECT 150 380 150 380 1
RECT 159 380 160 380 1
RECT 209 380 210 380 1
RECT 241 380 242 380 1
RECT 310 380 311 380 1
RECT 333 380 334 380 1
RECT 169 381 170 381 1
RECT 252 381 253 381 1
RECT 334 381 335 382 1
RECT 267 382 268 382 1
RECT 302 382 303 382 1
RECT 356 383 357 383 1
RECT 366 383 367 383 1
JOKER 88 43 97 52
JOKER 87 44 96 53
JOKER 86 46 95 55
JOKER 83 48 92 57
JOKER 53 50 62 59
JOKER 82 54 91 63
JOKER 68 55 77 64
JOKER 66 56 75 65
JOKER 33 58 42 67
JOKER 49 58 58 67
JOKER 63 58 72 67
JOKER 80 58 89 67
JOKER 46 59 55 68
JOKER 58 59 67 68
JOKER 95 59 104 68
JOKER 43 60 52 69
JOKER 94 60 103 69
JOKER 42 62 51 71
JOKER 93 63 102 72
JOKER 92 65 101 74
JOKER 79 66 88 75
JOKER 37 67 46 76
JOKER 55 67 64 76
JOKER 36 68 45 77
JOKER 64 68 73 77
JOKER 89 69 98 78
JOKER 88 70 97 79
JOKER 46 71 55 80
JOKER 76 71 85 80
JOKER 73 74 82 83
JOKER 85 75 94 84
JOKER 102 75 111 84
JOKER 56 76 65 85
JOKER 98 76 107 85
JOKER 55 77 64 86
JOKER 65 77 74 86
JOKER 49 80 58 89
JOKER 82 80 91 89
JOKER 96 80 105 89
JOKER 94 82 103 91
JOKER 74 83 83 92
JOKER 47 84 56 93
JOKER 92 84 101 93
JOKER 107 84 116 93
JOKER 106 85 115 94
JOKER 66 86 75 95
JOKER 91 87 100 96
JOKER 60 88 69 97
JOKER 105 88 114 97
JOKER 57 89 66 98
JOKER 83 89 92 98
JOKER 103 90 112 99
JOKER 101 91 110 100
JOKER 75 92 84 101
JOKER 100 93 109 102
JOKER 69 95 78 104
JOKER 92 96 101 105
JOKER 64 98 73 107
JOKER 84 98 93 107
JOKER 78 101 87 110
JOKER 73 104 82 113
JOKER 93 105 102 114
JOKER 67 107 76 116
JOKER 91 107 100 116
JOKER 88 108 97 117
JOKER 87 109 96 118
JOKER 83 110 92 119
JOKER 76 113 85 122
JOKER 70 117 79 126
JOKER 81 122 90 131
JOKER 79 125 88 134
JOKER 78 126 87 135
JOKER 48 169 57 178
JOKER 47 170 56 179
JOKER 46 172 55 181
JOKER 45 174 54 183
JOKER 44 175 53 184
JOKER 41 178 50 187
JOKER 40 179 49 188
JOKER 39 180 48 189
JOKER 38 181 47 190
JOKER 50 184 59 193
JOKER 33 185 42 194
JOKER 31 187 40 196
JOKER 42 190 51 199
JOKER 40 194 49 203
JOKER 39 196 48 205
JOKER 38 197 47 206
RECT 98 156 98 156 0
RECT 53 69 54 69 4
RECT 52 70 52 70 4