RECT 0 0 999 999 2
JOKER 0 0 9 9
JOKER 10 0 19 9
JOKER 20 0 29 9
JOKER 30 0 39 9
JOKER 40 0 49 9
JOKER 50 0 59 9
JOKER 60 0 69 9
JOKER 70 0 79 9
JOKER 80 0 89 9
JOKER 90 0 99 9
JOKER 100 0 109 9
JOKER 110 0 119 9
JOKER 120 0 129 9
JOKER 130 0 139 9
JOKER 140 0 149 9
JOKER 150 0 159 9
JOKER 160 0 169 9
JOKER 170 0 179 9
JOKER 180 0 189 9
JOKER 190 0 199 9
JOKER 200 0 209 9
JOKER 210 0 219 9
JOKER 220 0 229 9
JOKER 230 0 239 9
JOKER 240 0 249 9
JOKER 250 0 259 9
JOKER 260 0 269 9
JOKER 270 0 279 9
JOKER 280 0 289 9
JOKER 290 0 299 9
JOKER 300 0 309 9
JOKER 310 0 319 9
JOKER 320 0 329 9
JOKER 330 0 339 9
JOKER 340 0 349 9
JOKER 350 0 359 9
JOKER 360 0 369 9
JOKER 370 0 379 9
JOKER 380 0 389 9
JOKER 390 0 399 9
JOKER 400 0 409 9
JOKER 410 0 419 9
JOKER 420 0 429 9
JOKER 430 0 439 9
JOKER 440 0 449 9
JOKER 450 0 459 9
JOKER 460 0 469 9
JOKER 470 0 479 9
JOKER 480 0 489 9
JOKER 490 0 499 9
JOKER 500 0 509 9
JOKER 510 0 519 9
JOKER 520 0 529 9
JOKER 530 0 539 9
JOKER 540 0 549 9
JOKER 550 0 559 9
JOKER 560 0 569 9
JOKER 570 0 579 9
JOKER 580 0 589 9
JOKER 590 0 599 9
JOKER 600 0 609 9
JOKER 610 0 619 9
JOKER 620 0 629 9
JOKER 630 0 639 9
JOKER 640 0 649 9
JOKER 650 0 659 9
JOKER 660 0 669 9
JOKER 670 0 679 9
JOKER 680 0 689 9
JOKER 690 0 699 9
JOKER 700 0 709 9
JOKER 710 0 719 9
JOKER 720 0 729 9
JOKER 730 0 739 9
JOKER 740 0 749 9
JOKER 750 0 759 9
JOKER 760 0 769 9
JOKER 770 0 779 9
JOKER 780 0 789 9
JOKER 790 0 799 9
JOKER 800 0 809 9
JOKER 810 0 819 9
JOKER 820 0 829 9
JOKER 830 0 839 9
JOKER 840 0 849 9
JOKER 850 0 859 9
JOKER 860 0 869 9
JOKER 870 0 879 9
JOKER 880 0 889 9
JOKER 890 0 899 9
JOKER 900 0 909 9
JOKER 910 0 919 9
JOKER 920 0 929 9
JOKER 930 0 939 9
JOKER 940 0 949 9
JOKER 950 0 959 9
JOKER 960 0 969 9
JOKER 970 0 979 9
JOKER 980 0 989 9
JOKER 0 10 9 19
JOKER 10 10 19 19
JOKER 20 10 29 19
JOKER 30 10 39 19
JOKER 40 10 49 19
JOKER 50 10 59 19
JOKER 60 10 69 19
JOKER 70 10 79 19
JOKER 80 10 89 19
JOKER 90 10 99 19
JOKER 100 10 109 19
JOKER 110 10 119 19
JOKER 120 10 129 19
JOKER 130 10 139 19
JOKER 140 10 149 19
JOKER 150 10 159 19
JOKER 160 10 169 19
JOKER 170 10 179 19
JOKER 180 10 189 19
JOKER 190 10 199 19
JOKER 200 10 209 19
JOKER 210 10 219 19
JOKER 220 10 229 19
JOKER 230 10 239 19
JOKER 240 10 249 19
JOKER 250 10 259 19
JOKER 260 10 269 19
JOKER 270 10 279 19
JOKER 280 10 289 19
JOKER 290 10 299 19
JOKER 300 10 309 19
JOKER 310 10 319 19
JOKER 320 10 329 19
JOKER 330 10 339 19
JOKER 340 10 349 19
JOKER 350 10 359 19
JOKER 360 10 369 19
JOKER 370 10 379 19
JOKER 380 10 389 19
JOKER 390 10 399 19
JOKER 400 10 409 19
JOKER 410 10 419 19
JOKER 420 10 429 19
JOKER 430 10 439 19
JOKER 440 10 449 19
JOKER 450 10 459 19
JOKER 460 10 469 19
JOKER 470 10 479 19
JOKER 480 10 489 19
JOKER 490 10 499 19
JOKER 500 10 509 19
JOKER 510 10 519 19
JOKER 520 10 529 19
JOKER 530 10 539 19
JOKER 540 10 549 19
JOKER 550 10 559 19
JOKER 560 10 569 19
JOKER 570 10 579 19
JOKER 580 10 589 19
JOKER 590 10 599 19
JOKER 600 10 609 19
JOKER 610 10 619 19
JOKER 620 10 629 19
JOKER 630 10 639 19
JOKER 640 10 649 19
JOKER 650 10 659 19
JOKER 660 10 669 19
JOKER 670 10 679 19
JOKER 680 10 689 19
JOKER 690 10 699 19
JOKER 700 10 709 19
JOKER 710 10 719 19
JOKER 720 10 729 19
JOKER 730 10 739 19
JOKER 740 10 749 19
JOKER 750 10 759 19
JOKER 760 10 769 19
JOKER 770 10 779 19
JOKER 780 10 789 19
JOKER 790 10 799 19
JOKER 800 10 809 19
JOKER 810 10 819 19
JOKER 820 10 829 19
JOKER 830 10 839 19
JOKER 840 10 849 19
JOKER 850 10 859 19
JOKER 860 10 869 19
JOKER 870 10 879 19
JOKER 880 10 889 19
JOKER 890 10 899 19
JOKER 900 10 909 19
JOKER 910 10 919 19
JOKER 920 10 929 19
JOKER 930 10 939 19
JOKER 940 10 949 19
JOKER 950 10 959 19
JOKER 960 10 969 19
JOKER 970 10 979 19
JOKER 980 10 989 19
JOKER 0 20 9 29
JOKER 10 20 19 29
RECT 92 0 110 6 4
RECT 139 0 155 30 4
RECT 284 0 305 25 4
RECT 503 0 611 0 4
RECT 674 0 684 0 4
RECT 886 0 889 1 4
RECT 902 0 907 0 4
RECT 926 0 928 12 4
RECT 974 0 999 1 4
RECT 137 1 155 30 4
RECT 503 1 589 3 4
RECT 673 1 683 1 4
RECT 787 1 787 1 4
RECT 902 1 906 6 4
RECT 674 2 680 3 4
RECT 750 2 750 6 4
RECT 753 2 754 4 4
RECT 766 2 766 9 4
RECT 845 2 848 10 4
RECT 888 2 891 6 4
RECT 976 2 982 4 4
RECT 503 4 588 6 4
RECT 621 4 627 8 4
RECT 674 4 676 4 4
RECT 679 4 680 4 4
RECT 746 4 746 5 4
RECT 844 4 848 5 4
RECT 312 5 367 5 4
RECT 769 5 770 6 4
RECT 887 5 931 6 4
RECT 983 5 984 6 4
RECT 999 5 999 15 4
RECT 312 6 320 6 4
RECT 641 6 645 9 4
RECT 762 6 762 10 4
RECT 774 6 775 9 4
RECT 805 6 808 9 4
RECT 886 6 932 6 4
RECT 997 6 999 15 4
RECT 99 7 110 40 4
RECT 503 7 586 9 4
RECT 637 7 646 8 4
RECT 751 7 751 9 4
RECT 768 7 768 9 4
RECT 779 7 781 9 4
RECT 795 7 797 9 4
RECT 804 7 808 8 4
RECT 841 7 842 10 4
RECT 885 7 890 10 4
RECT 895 7 896 25 4
RECT 985 7 999 11 4
RECT 594 9 616 31 4
RECT 623 9 630 22 4
RECT 636 9 645 9 4
RECT 757 9 759 9 4
RECT 794 9 798 9 4
RECT 843 9 848 10 4
RECT 156 10 158 35 4
RECT 503 10 585 21 4
RECT 634 10 643 10 4
RECT 747 10 747 15 4
RECT 773 10 773 11 4
RECT 779 10 780 20 4
RECT 793 10 794 10 4
RECT 798 10 799 12 4
RECT 159 11 161 27 4
RECT 202 11 320 15 4
RECT 633 11 640 12 4
RECT 755 11 756 11 4
RECT 763 11 764 12 4
RECT 768 11 770 11 4
RECT 778 11 781 11 4
RECT 792 11 793 12 4
RECT 829 11 829 27 4
RECT 834 11 834 27 4
RECT 885 11 889 11 4
RECT 984 11 999 11 4
RECT 632 12 640 12 4
RECT 766 12 766 20 4
RECT 769 12 771 14 4
RECT 825 12 837 25 4
RECT 984 12 989 12 4
RECT 162 13 164 22 4
RECT 631 13 638 16 4
RECT 757 13 759 15 4
RECT 765 13 766 16 4
RECT 778 13 781 15 4
RECT 794 13 798 14 4
RECT 802 13 803 17 4
RECT 808 13 809 17 4
RECT 814 13 816 17 4
RECT 824 13 839 24 4
RECT 891 13 897 21 4
RECT 984 13 988 14 4
RECT 165 15 165 19 4
RECT 190 15 320 15 4
RECT 752 15 752 19 4
RECT 772 15 772 17 4
RECT 777 15 781 15 4
RECT 795 15 797 15 4
RECT 822 15 840 15 4
RECT 984 15 987 15 4
RECT 190 16 319 24 4
RECT 748 16 749 20 4
RECT 751 16 752 19 4
RECT 776 16 780 20 4
RECT 786 16 786 19 4
RECT 823 16 842 22 4
RECT 898 16 904 20 4
RECT 784 17 786 19 4
RECT 822 17 847 20 4
RECT 890 17 905 20 4
RECT 756 18 759 20 4
RECT 773 18 780 20 4
RECT 751 20 751 26 4
RECT 769 20 771 21 4
RECT 783 20 783 24 4
RECT 757 21 759 21 4
RECT 767 21 767 24 4
RECT 773 21 778 21 4
RECT 822 21 845 21 4
RECT 765 22 765 25 4
RECT 771 22 777 22 4
RECT 809 22 812 24 4
RECT 162 23 163 24 4
RECT 777 23 777 26 4
RECT 782 23 783 24 4
RECT 786 23 786 27 4
RECT 170 25 172 26 4
RECT 768 25 768 27 4
RECT 782 25 782 26 4
RECT 130 26 161 27 4
RECT 168 26 304 26 4
RECT 750 26 751 26 4
RECT 766 26 766 27 4
RECT 826 26 842 26 4
RECT 893 26 895 35 4
RECT 168 27 171 29 4
RECT 290 27 304 32 4
RECT 750 27 750 29 4
RECT 760 27 761 30 4
RECT 778 27 781 27 4
RECT 892 27 895 29 4
RECT 92 28 110 38 4
RECT 131 28 159 29 4
RECT 758 28 762 29 4
RECT 771 28 771 31 4
RECT 891 28 904 29 4
RECT 133 30 159 30 4
RECT 747 30 747 36 4
RECT 758 30 761 30 4
RECT 779 30 781 30 4
RECT 888 30 891 30 4
RECT 772 31 772 34 4
RECT 840 32 864 32 4
RECT 840 33 843 34 4
RECT 855 33 858 34 4
RECT 840 35 842 35 4
RECT 856 35 858 35 4
RECT 751 36 752 36 4
RECT 784 36 785 38 4
RECT 840 36 840 42 4
RECT 857 36 858 42 4
RECT 287 37 296 37 4
RECT 286 38 286 81 4
RECT 290 38 290 38 4
RECT 294 38 298 162 4
RECT 750 38 750 38 4
RECT 786 38 786 40 4
RECT 788 38 788 41 4
RECT 803 38 804 42 4
RECT 747 39 749 40 4
RECT 802 39 807 41 4
RECT 841 39 842 42 4
RECT 856 39 858 42 4
RECT 162 41 164 51 4
RECT 321 41 374 42 4
RECT 377 41 381 46 4
RECT 576 41 602 47 4
RECT 791 41 793 42 4
RECT 843 41 843 42 4
RECT 855 41 858 42 4
RECT 871 41 873 45 4
RECT 197 42 289 81 4
RECT 787 42 787 43 4
RECT 794 42 794 43 4
RECT 805 42 806 43 4
RECT 844 42 858 42 4
RECT 130 43 130 53 4
RECT 161 43 165 43 4
RECT 187 43 373 46 4
RECT 387 43 387 46 4
RECT 389 43 389 46 4
RECT 393 43 394 46 4
RECT 396 43 397 46 4
RECT 399 43 399 46 4
RECT 403 43 404 46 4
RECT 406 43 407 46 4
RECT 409 43 409 46 4
RECT 413 43 413 46 4
RECT 420 43 420 46 4
RECT 422 43 423 46 4
RECT 425 43 425 46 4
RECT 429 43 430 46 4
RECT 432 43 433 46 4
RECT 435 43 435 46 4
RECT 439 43 440 45 4
RECT 442 43 443 43 4
RECT 445 43 445 43 4
RECT 449 43 449 45 4
RECT 456 43 456 50 4
RECT 458 43 459 46 4
RECT 471 43 471 46 4
RECT 475 43 477 46 4
RECT 743 43 744 45 4
RECT 792 43 794 43 4
RECT 870 43 873 45 4
RECT 177 44 373 46 4
RECT 392 44 394 46 4
RECT 401 44 404 46 4
RECT 411 44 413 46 4
RECT 419 44 420 46 4
RECT 427 44 430 46 4
RECT 437 44 440 45 4
RECT 455 44 456 46 4
RECT 473 44 477 46 4
RECT 128 46 133 51 4
RECT 168 46 373 46 4
RECT 437 46 439 46 4
RECT 742 46 742 47 4
RECT 753 46 754 47 4
RECT 767 46 768 46 4
RECT 111 47 133 51 4
RECT 160 47 372 47 4
RECT 798 47 798 52 4
RECT 144 48 158 58 4
RECT 165 48 372 53 4
RECT 755 48 755 51 4
RECT 758 48 759 48 4
RECT 763 48 764 50 4
RECT 771 48 771 48 4
RECT 799 48 801 51 4
RECT 140 49 158 58 4
RECT 664 49 676 92 4
RECT 757 49 757 51 4
RECT 769 49 770 50 4
RECT 794 49 801 51 4
RECT 846 49 847 50 4
RECT 161 51 391 51 4
RECT 595 51 605 71 4
RECT 762 51 762 53 4
RECT 768 51 768 51 4
RECT 883 51 891 51 4
RECT 895 51 897 51 4
RECT 905 51 906 51 4
RECT 111 52 127 170 4
RECT 139 52 159 53 4
RECT 161 52 163 52 4
RECT 767 52 767 53 4
RECT 794 52 794 52 4
RECT 797 52 799 52 4
RECT 859 52 859 57 4
RECT 896 52 896 52 4
RECT 906 52 915 53 4
RECT 136 53 159 53 4
RECT 776 53 776 53 4
RECT 782 53 782 63 4
RECT 861 53 863 57 4
RECT 886 53 889 53 4
RECT 902 53 915 53 4
RECT 137 54 158 58 4
RECT 165 54 347 55 4
RECT 379 54 399 55 4
RECT 427 54 435 58 4
RECT 476 54 477 58 4
RECT 777 54 777 56 4
RECT 786 54 786 55 4
RECT 903 54 906 56 4
RECT 165 56 346 58 4
RECT 379 56 398 65 4
RECT 737 56 737 56 4
RECT 784 56 785 58 4
RECT 797 56 797 57 4
RECT 896 56 896 136 4
RECT 135 57 159 58 4
RECT 487 57 503 68 4
RECT 738 57 739 58 4
RECT 755 57 760 61 4
RECT 778 57 778 60 4
RECT 885 57 886 57 4
RECT 895 57 897 68 4
RECT 905 57 906 57 4
RECT 701 58 702 63 4
RECT 704 58 704 63 4
RECT 742 58 742 60 4
RECT 752 58 762 61 4
RECT 774 58 775 60 4
RECT 788 58 791 62 4
RECT 795 58 796 62 4
RECT 886 58 886 61 4
RECT 893 58 899 68 4
RECT 906 58 926 58 4
RECT 141 59 151 60 4
RECT 165 59 345 62 4
RECT 700 59 705 63 4
RECT 740 59 740 61 4
RECT 751 59 764 61 4
RECT 787 59 793 60 4
RECT 891 59 891 60 4
RECT 900 59 900 128 4
RECT 906 59 907 62 4
RECT 408 61 426 61 4
RECT 776 61 776 63 4
RECT 779 61 780 63 4
RECT 787 61 792 62 4
RECT 794 61 796 62 4
RECT 828 61 830 65 4
RECT 901 61 907 61 4
RECT 409 62 412 78 4
RECT 751 62 756 62 4
RECT 760 62 764 62 4
RECT 903 62 907 62 4
RECT 135 63 163 68 4
RECT 165 63 343 63 4
RECT 401 63 405 71 4
RECT 486 63 505 68 4
RECT 735 63 735 71 4
RECT 752 63 757 63 4
RECT 762 63 762 63 4
RECT 778 63 780 63 4
RECT 789 63 791 63 4
RECT 888 63 905 68 4
RECT 907 63 908 63 4
RECT 911 63 912 63 4
RECT 165 64 337 68 4
RECT 420 64 421 67 4
RECT 734 64 739 66 4
RECT 755 64 757 65 4
RECT 778 64 778 65 4
RECT 885 64 906 68 4
RECT 908 64 910 151 4
RECT 484 66 571 68 4
RECT 732 66 745 66 4
RECT 883 66 911 68 4
RECT 731 67 733 67 4
RECT 680 68 704 76 4
RECT 731 68 731 68 4
RECT 881 68 911 68 4
RECT 141 69 154 284 4
RECT 165 69 327 69 4
RECT 776 69 776 76 4
RECT 870 69 870 71 4
RECT 881 69 894 133 4
RECT 902 69 912 78 4
RECT 128 70 326 71 4
RECT 771 70 771 71 4
RECT 867 70 868 71 4
RECT 901 70 912 78 4
RECT 129 72 130 211 4
RECT 133 72 325 72 4
RECT 706 72 709 74 4
RECT 772 72 772 73 4
RECT 895 72 912 78 4
RECT 157 73 158 362 4
RECT 161 73 325 81 4
RECT 725 73 725 73 4
RECT 727 73 728 77 4
RECT 753 73 756 76 4
RECT 773 73 773 76 4
RECT 131 74 133 211 4
RECT 156 74 325 74 4
RECT 724 74 724 77 4
RECT 729 74 729 79 4
RECT 734 74 734 78 4
RECT 752 74 757 76 4
RECT 159 75 325 81 4
RECT 913 75 918 77 4
RECT 134 77 134 148 4
RECT 155 77 325 81 4
RECT 541 77 566 104 4
RECT 752 77 755 77 4
RECT 879 77 922 77 4
RECT 128 78 326 81 4
RECT 722 78 723 84 4
RECT 732 78 734 78 4
RECT 753 78 755 86 4
RECT 762 78 764 82 4
RECT 880 78 912 78 4
RECT 981 78 999 84 4
RECT 725 79 725 82 4
RECT 730 79 730 87 4
RECT 732 79 733 86 4
RECT 726 80 726 87 4
RECT 746 80 756 84 4
RECT 879 80 912 125 4
RECT 128 82 284 103 4
RECT 743 82 756 84 4
RECT 767 82 770 84 4
RECT 877 82 913 124 4
RECT 37 83 42 86 4
RECT 620 83 625 84 4
RECT 716 83 716 86 4
RECT 737 83 737 84 4
RECT 741 83 756 84 4
RECT 766 83 771 84 4
RECT 818 83 819 87 4
RECT 36 84 44 86 4
RECT 736 84 737 84 4
RECT 788 84 797 87 4
RECT 35 85 286 86 4
RECT 434 85 452 126 4
RECT 736 85 736 87 4
RECT 743 85 755 86 4
RECT 766 85 768 86 4
RECT 33 87 36 87 4
RECT 717 87 718 89 4
RECT 760 87 765 92 4
RECT 767 87 770 91 4
RECT 820 87 822 87 4
RECT 936 87 941 91 4
RECT 978 87 978 92 4
RECT 980 87 980 88 4
RECT 985 87 985 88 4
RECT 988 87 990 87 4
RECT 994 87 994 87 4
RECT 999 87 999 87 4
RECT 30 88 35 88 4
RECT 757 88 770 91 4
RECT 794 88 802 88 4
RECT 988 88 988 92 4
RECT 991 88 992 89 4
RECT 995 88 995 88 4
RECT 997 88 998 88 4
RECT 16 89 20 89 4
RECT 28 89 34 89 4
RECT 426 89 452 126 4
RECT 755 89 770 91 4
RECT 856 89 859 89 4
RECT 914 89 948 91 4
RECT 981 89 982 91 4
RECT 984 89 984 91 4
RECT 996 89 996 92 4
RECT 17 90 22 92 4
RECT 27 90 30 92 4
RECT 425 90 452 126 4
RECT 773 90 785 94 4
RECT 874 90 948 91 4
RECT 989 90 990 91 4
RECT 26 92 30 92 4
RECT 424 92 452 126 4
RECT 520 92 585 93 4
RECT 719 92 724 119 4
RECT 734 92 737 93 4
RECT 757 92 768 92 4
RECT 872 92 920 119 4
RECT 983 92 983 92 4
RECT 991 92 993 92 4
RECT 19 93 27 93 4
RECT 422 93 452 126 4
RECT 732 93 739 93 4
RECT 20 94 21 94 4
RECT 25 94 26 97 4
RECT 735 94 739 108 4
RECT 871 94 921 118 4
RECT 732 95 742 98 4
RECT 778 95 785 100 4
RECT 829 95 830 99 4
RECT 870 95 921 117 4
RECT 9 96 9 100 4
RECT 766 96 772 104 4
RECT 777 96 785 98 4
RECT 869 96 921 115 4
RECT 7 98 10 98 4
RECT 22 98 25 98 4
RECT 421 98 452 126 4
RECT 747 98 756 108 4
RECT 833 98 834 102 4
RECT 866 98 922 112 4
RECT 21 99 24 99 4
RECT 416 99 452 126 4
RECT 517 99 584 103 4
RECT 740 99 744 99 4
RECT 757 99 757 99 4
RECT 762 99 775 99 4
RECT 826 99 830 99 4
RECT 710 100 726 102 4
RECT 740 100 742 107 4
RECT 746 100 756 103 4
RECT 763 100 775 104 4
RECT 4 101 4 107 4
RECT 734 101 742 107 4
RECT 758 101 759 104 4
RECT 762 101 775 104 4
RECT 781 101 785 107 4
RECT 802 101 803 105 4
RECT 830 101 834 102 4
RECT 924 101 926 130 4
RECT 947 101 947 105 4
RECT 5 103 5 108 4
RECT 757 103 759 104 4
RECT 761 103 775 104 4
RECT 779 103 785 107 4
RECT 865 103 927 109 4
RECT 6 104 6 109 4
RECT 46 104 180 104 4
RECT 187 104 334 104 4
RECT 700 104 702 108 4
RECT 704 104 726 104 4
RECT 776 104 776 109 4
RECT 778 104 785 107 4
RECT 945 104 947 105 4
RECT 7 105 8 109 4
RECT 12 105 13 109 4
RECT 47 105 179 105 4
RECT 188 105 336 105 4
RECT 715 105 726 110 4
RECT 743 105 745 105 4
RECT 757 105 757 108 4
RECT 762 105 770 108 4
RECT 772 105 776 108 4
RECT 799 105 803 105 4
RECT 944 105 947 105 4
RECT 11 106 13 109 4
RECT 135 106 177 110 4
RECT 204 106 373 119 4
RECT 698 106 702 108 4
RECT 743 106 744 107 4
RECT 771 106 787 107 4
RECT 970 106 973 113 4
RECT 48 108 177 110 4
RECT 530 108 548 108 4
RECT 690 108 692 109 4
RECT 732 108 740 108 4
RECT 771 108 776 108 4
RECT 778 108 780 108 4
RECT 782 108 786 108 4
RECT 969 108 974 108 4
RECT 10 109 13 109 4
RECT 688 109 692 109 4
RECT 731 109 736 109 4
RECT 767 109 767 110 4
RECT 773 109 773 109 4
RECT 778 109 778 113 4
RECT 783 109 783 110 4
RECT 969 109 973 112 4
RECT 9 110 10 110 4
RECT 190 110 377 119 4
RECT 690 110 690 119 4
RECT 709 110 726 110 4
RECT 923 110 930 118 4
RECT 974 110 974 112 4
RECT 7 111 9 112 4
RECT 56 111 164 124 4
RECT 173 111 179 148 4
RECT 188 111 378 119 4
RECT 688 111 688 119 4
RECT 6 113 8 113 4
RECT 180 113 180 154 4
RECT 187 113 407 113 4
RECT 689 113 692 115 4
RECT 781 113 783 113 4
RECT 922 113 930 118 4
RECT 5 114 6 120 4
RECT 181 114 405 114 4
RECT 684 114 692 115 4
RECT 181 115 404 115 4
RECT 693 115 693 117 4
RECT 774 115 775 139 4
RECT 782 115 782 118 4
RECT 974 115 975 120 4
RECT 181 116 403 117 4
RECT 750 116 750 120 4
RECT 773 116 775 119 4
RECT 783 116 783 124 4
RECT 181 118 402 118 4
RECT 678 118 680 120 4
RECT 710 118 711 120 4
RECT 751 118 751 125 4
RECT 758 118 759 120 4
RECT 181 119 400 119 4
RECT 706 119 711 119 4
RECT 743 119 744 123 4
RECT 757 119 767 119 4
RECT 973 119 977 119 4
RECT 54 120 242 120 4
RECT 256 120 399 120 4
RECT 704 120 704 122 4
RECT 708 120 711 120 4
RECT 757 120 760 120 4
RECT 769 120 770 138 4
RECT 792 120 792 120 4
RECT 914 120 930 128 4
RECT 6 121 8 122 4
RECT 181 121 238 122 4
RECT 258 121 398 122 4
RECT 649 121 657 136 4
RECT 680 121 680 122 4
RECT 701 121 702 123 4
RECT 709 121 710 122 4
RECT 745 121 745 129 4
RECT 757 121 757 122 4
RECT 768 121 770 123 4
RECT 779 121 780 123 4
RECT 791 121 791 125 4
RECT 7 123 9 123 4
RECT 167 123 206 125 4
RECT 230 123 237 123 4
RECT 259 123 397 123 4
RECT 648 123 658 135 4
RECT 678 123 679 130 4
RECT 756 123 756 123 4
RECT 776 123 776 140 4
RECT 792 123 792 123 4
RECT 949 123 949 135 4
RECT 957 123 963 128 4
RECT 9 124 9 125 4
RECT 166 124 206 125 4
RECT 230 124 236 124 4
RECT 260 124 395 124 4
RECT 706 124 708 125 4
RECT 716 124 716 130 4
RECT 755 124 755 138 4
RECT 760 124 761 128 4
RECT 765 124 765 125 4
RECT 781 124 781 124 4
RECT 787 124 787 146 4
RECT 947 124 949 125 4
RECT 954 124 963 128 4
RECT 10 125 10 134 4
RECT 128 125 206 125 4
RECT 230 125 234 125 4
RECT 261 125 394 125 4
RECT 680 125 680 150 4
RECT 695 125 697 126 4
RECT 715 125 716 128 4
RECT 748 125 749 138 4
RECT 758 125 762 128 4
RECT 777 125 777 140 4
RECT 782 125 782 138 4
RECT 913 125 931 125 4
RECT 11 126 11 135 4
RECT 128 126 186 129 4
RECT 190 126 206 129 4
RECT 230 126 233 126 4
RECT 263 126 393 126 4
RECT 681 126 690 126 4
RECT 752 126 764 126 4
RECT 766 126 777 126 4
RECT 789 126 790 141 4
RECT 911 126 930 128 4
RECT 950 126 951 135 4
RECT 187 127 206 129 4
RECT 230 127 232 128 4
RECT 264 127 392 128 4
RECT 673 127 673 131 4
RECT 681 127 689 129 4
RECT 696 127 697 130 4
RECT 701 127 702 128 4
RECT 706 127 711 129 4
RECT 767 127 797 128 4
RECT 2 129 5 133 4
RECT 207 129 231 129 4
RECT 265 129 391 129 4
RECT 695 129 700 130 4
RECT 721 129 746 129 4
RECT 753 129 760 138 4
RECT 768 129 780 138 4
RECT 905 129 915 141 4
RECT 0 130 6 133 4
RECT 135 130 185 130 4
RECT 194 130 220 131 4
RECT 265 130 389 130 4
RECT 482 130 495 165 4
RECT 596 130 609 143 4
RECT 659 130 661 131 4
RECT 683 130 687 130 4
RECT 689 130 689 130 4
RECT 715 130 744 130 4
RECT 746 130 746 138 4
RECT 752 130 760 138 4
RECT 767 130 797 135 4
RECT 921 130 931 130 4
RECT 948 130 952 134 4
RECT 7 131 11 131 4
RECT 135 131 184 131 4
RECT 237 131 259 138 4
RECT 265 131 388 131 4
RECT 595 131 610 141 4
RECT 646 131 661 131 4
RECT 683 131 683 146 4
RECT 685 131 685 133 4
RECT 688 131 688 148 4
RECT 715 131 715 134 4
RECT 743 131 797 135 4
RECT 135 132 182 146 4
RECT 197 132 222 268 4
RECT 230 132 387 133 4
RECT 496 132 500 164 4
RECT 647 132 659 134 4
RECT 674 132 674 135 4
RECT 712 132 713 146 4
RECT 1 134 4 134 4
RECT 12 134 13 136 4
RECT 230 134 386 134 4
RECT 594 134 611 140 4
RECT 698 134 698 134 4
RECT 709 134 709 135 4
RECT 14 135 14 144 4
RECT 230 135 384 135 4
RECT 705 135 705 135 4
RECT 954 135 957 135 4
RECT 224 136 383 136 4
RECT 679 136 683 146 4
RECT 700 136 700 157 4
RECT 710 136 796 138 4
RECT 876 136 878 140 4
RECT 225 137 369 138 4
RECT 372 137 384 141 4
RECT 501 137 502 161 4
RECT 592 137 611 140 4
RECT 677 137 683 146 4
RECT 690 137 692 149 4
RECT 875 137 878 138 4
RECT 225 139 239 139 4
RECT 256 139 369 140 4
RECT 675 139 708 146 4
RECT 710 139 736 146 4
RECT 742 139 744 148 4
RECT 757 139 759 144 4
RECT 772 139 780 139 4
RECT 788 139 796 139 4
RECT 879 139 880 140 4
RECT 196 140 238 140 4
RECT 772 140 773 148 4
RECT 778 140 782 146 4
RECT 788 140 791 141 4
RECT 938 140 941 143 4
RECT 17 141 18 143 4
RECT 183 141 237 200 4
RECT 259 141 368 150 4
RECT 370 141 386 141 4
RECT 503 141 521 141 4
RECT 594 141 610 141 4
RECT 709 141 744 146 4
RECT 765 141 765 146 4
RECT 807 141 808 143 4
RECT 16 142 18 143 4
RECT 128 142 237 146 4
RECT 370 142 373 143 4
RECT 377 142 377 144 4
RECT 380 142 386 143 4
RECT 503 142 519 143 4
RECT 668 142 671 159 4
RECT 783 142 788 146 4
RECT 19 144 20 145 4
RECT 370 144 372 146 4
RECT 375 144 378 144 4
RECT 382 144 383 144 4
RECT 503 144 518 144 4
RECT 600 144 607 144 4
RECT 663 144 671 152 4
RECT 763 144 791 146 4
RECT 939 144 944 145 4
RECT 26 145 29 146 4
RECT 383 145 383 146 4
RECT 503 145 517 146 4
RECT 662 145 746 146 4
RECT 758 145 797 146 4
RECT 805 145 808 145 4
RECT 20 146 21 152 4
RECT 25 146 30 146 4
RECT 238 146 368 150 4
RECT 382 146 383 146 4
RECT 23 147 27 148 4
RECT 140 147 165 148 4
RECT 170 147 369 148 4
RECT 372 147 373 149 4
RECT 380 147 382 148 4
RECT 503 147 507 150 4
RECT 662 147 682 150 4
RECT 745 147 746 148 4
RECT 761 147 762 148 4
RECT 778 147 778 148 4
RECT 784 147 785 148 4
RECT 791 147 792 148 4
RECT 841 147 845 148 4
RECT 22 149 26 149 4
RECT 155 149 164 150 4
RECT 171 149 172 151 4
RECT 181 149 369 149 4
RECT 374 149 381 149 4
RECT 659 149 683 149 4
RECT 841 149 843 149 4
RECT 886 149 896 151 4
RECT 181 150 368 150 4
RECT 374 150 379 150 4
RECT 768 150 770 152 4
RECT 916 150 916 177 4
RECT 140 151 163 212 4
RECT 167 151 172 151 4
RECT 182 151 364 162 4
RECT 503 151 506 156 4
RECT 721 151 740 166 4
RECT 134 152 163 212 4
RECT 181 152 366 162 4
RECT 610 152 610 156 4
RECT 617 152 622 155 4
RECT 673 152 680 154 4
RECT 767 152 770 152 4
RECT 887 152 896 152 4
RECT 933 152 938 152 4
RECT 19 153 20 154 4
RECT 667 153 680 154 4
RECT 715 153 715 154 4
RECT 861 153 873 165 4
RECT 917 153 917 176 4
RECT 16 155 19 155 4
RECT 103 155 164 155 4
RECT 678 155 680 155 4
RECT 859 155 875 164 4
RECT 15 156 16 156 4
RECT 102 156 103 156 4
RECT 605 156 606 159 4
RECT 622 156 631 157 4
RECT 857 156 876 164 4
RECT 14 157 15 157 4
RECT 100 157 101 157 4
RECT 503 157 505 159 4
RECT 603 157 609 157 4
RECT 617 157 632 157 4
RECT 12 158 14 166 4
RECT 99 158 99 159 4
RECT 622 158 625 159 4
RECT 629 158 633 159 4
RECT 918 158 918 176 4
RECT 98 160 98 160 4
RECT 631 160 632 160 4
RECT 877 160 878 162 4
RECT 97 161 97 631 4
RECT 164 161 167 289 4
RECT 180 161 369 162 4
RECT 913 161 918 176 4
RECT 128 162 371 162 4
RECT 893 162 895 176 4
RECT 128 163 285 193 4
RECT 299 163 371 165 4
RECT 98 165 286 170 4
RECT 504 165 507 175 4
RECT 95 166 288 167 4
RECT 299 166 369 211 4
RECT 484 166 493 166 4
RECT 503 166 508 166 4
RECT 14 167 15 167 4
RECT 94 167 288 167 4
RECT 483 167 491 167 4
RECT 503 167 507 175 4
RECT 15 168 16 169 4
RECT 93 168 286 170 4
RECT 481 168 488 169 4
RECT 515 168 516 170 4
RECT 522 168 523 170 4
RECT 1 170 3 171 4
RECT 16 170 18 170 4
RECT 480 170 487 170 4
RECT 631 170 638 172 4
RECT 897 170 897 177 4
RECT 4 171 5 172 4
RECT 17 171 18 187 4
RECT 480 171 486 171 4
RECT 501 171 508 174 4
RECT 624 171 625 177 4
RECT 627 171 638 172 4
RECT 2 172 14 172 4
RECT 286 172 371 195 4
RECT 481 172 485 172 4
RECT 498 172 508 174 4
RECT 623 172 651 172 4
RECT 478 173 483 174 4
RECT 478 175 482 175 4
RECT 590 175 591 179 4
RECT 623 175 636 175 4
RECT 477 176 481 176 4
RECT 627 176 627 177 4
RECT 857 176 868 177 4
RECT 476 177 480 177 4
RECT 856 177 868 177 4
RECT 975 177 975 190 4
RECT 983 177 983 193 4
RECT 986 177 987 177 4
RECT 10 178 19 179 4
RECT 475 178 477 191 4
RECT 587 178 591 179 4
RECT 715 178 715 183 4
RECT 781 178 785 180 4
RECT 848 178 866 179 4
RECT 976 178 978 190 4
RECT 981 178 983 193 4
RECT 988 178 988 179 4
RECT 9 180 18 181 4
RECT 496 180 501 205 4
RECT 597 180 601 198 4
RECT 7 181 18 181 4
RECT 405 181 405 200 4
RECT 566 181 566 183 4
RECT 569 181 569 183 4
RECT 596 181 602 187 4
RECT 778 181 778 181 4
RECT 782 181 782 200 4
RECT 784 181 787 181 4
RECT 980 181 987 192 4
RECT 6 182 8 182 4
RECT 375 182 377 247 4
RECT 565 182 570 182 4
RECT 712 182 713 182 4
RECT 776 182 777 182 4
RECT 779 182 780 183 4
RECT 784 182 786 182 4
RECT 883 182 887 182 4
RECT 5 183 6 188 4
RECT 456 183 457 188 4
RECT 567 183 569 183 4
RECT 714 183 718 183 4
RECT 774 183 776 183 4
RECT 778 183 780 183 4
RECT 783 183 783 198 4
RECT 786 183 787 183 4
RECT 988 183 989 187 4
RECT 567 184 568 193 4
RECT 777 184 778 198 4
RECT 781 184 785 188 4
RECT 787 184 790 187 4
RECT 373 186 386 190 4
RECT 406 186 407 196 4
RECT 414 186 414 188 4
RECT 372 187 386 190 4
RECT 411 187 414 188 4
RECT 458 187 461 187 4
RECT 769 187 778 197 4
RECT 965 187 966 187 4
RECT 768 188 785 188 4
RECT 937 188 937 192 4
RECT 964 188 964 188 4
RECT 989 188 993 190 4
RECT 6 189 8 190 4
RECT 519 189 531 190 4
RECT 727 189 728 191 4
RECT 768 189 783 197 4
RECT 962 189 963 190 4
RECT 7 191 9 191 4
RECT 373 191 383 196 4
RECT 519 191 529 191 4
RECT 596 191 611 191 4
RECT 721 191 728 191 4
RECT 786 191 787 196 4
RECT 815 191 816 195 4
RECT 988 191 992 192 4
RECT 9 192 10 192 4
RECT 413 192 413 192 4
RECT 519 192 522 193 4
RECT 595 192 610 195 4
RECT 638 192 640 193 4
RECT 642 192 643 193 4
RECT 719 192 726 192 4
RECT 767 192 788 195 4
RECT 10 193 11 195 4
RECT 12 194 13 196 4
RECT 21 194 22 196 4
RECT 254 194 280 195 4
RECT 522 194 523 196 4
RECT 14 196 14 207 4
RECT 20 196 22 196 4
RECT 255 196 279 208 4
RECT 294 196 383 196 4
RECT 520 196 523 196 4
RECT 554 196 568 197 4
RECT 595 196 609 196 4
RECT 784 196 787 196 4
RECT 19 197 21 198 4
RECT 294 197 381 211 4
RECT 520 197 522 202 4
RECT 553 197 569 197 4
RECT 15 198 15 208 4
RECT 17 198 21 198 4
RECT 254 198 279 208 4
RECT 399 198 402 198 4
RECT 414 198 414 198 4
RECT 519 198 522 202 4
RECT 553 198 563 206 4
RECT 565 198 570 207 4
RECT 779 198 783 198 4
RECT 5 199 9 200 4
RECT 16 199 20 200 4
RECT 41 199 113 202 4
RECT 551 199 570 206 4
RECT 6 201 10 201 4
RECT 223 201 229 270 4
RECT 280 201 382 211 4
RECT 734 201 734 202 4
RECT 7 202 11 202 4
RECT 383 202 383 213 4
RECT 665 202 671 203 4
RECT 727 202 734 202 4
RECT 793 202 793 206 4
RECT 9 203 15 203 4
RECT 45 203 112 206 4
RECT 168 203 236 268 4
RECT 384 203 384 211 4
RECT 528 203 528 208 4
RECT 538 203 539 203 4
RECT 550 203 571 206 4
RECT 725 203 733 203 4
RECT 849 203 850 206 4
RECT 30 204 31 207 4
RECT 43 204 112 206 4
RECT 385 204 386 211 4
RECT 575 204 584 218 4
RECT 668 204 672 205 4
RECT 789 204 793 206 4
RECT 911 204 923 217 4
RECT 12 206 15 206 4
RECT 28 206 31 207 4
RECT 251 206 387 208 4
RECT 843 206 844 206 4
RECT 848 206 850 206 4
RECT 27 207 31 207 4
RECT 249 207 249 268 4
RECT 388 207 388 209 4
RECT 550 207 555 207 4
RECT 848 207 849 208 4
RECT 900 207 902 207 4
RECT 16 208 16 209 4
RECT 26 208 30 209 4
RECT 250 208 395 208 4
RECT 458 208 459 214 4
RECT 462 208 462 212 4
RECT 550 208 554 208 4
RECT 567 208 571 209 4
RECT 668 208 674 211 4
RECT 851 208 853 209 4
RECT 17 209 24 211 4
RECT 128 209 242 211 4
RECT 247 209 247 338 4
RECT 250 209 269 209 4
RECT 550 209 553 209 4
RECT 665 209 674 209 4
RECT 846 209 848 209 4
RECT 850 209 853 209 4
RECT 25 210 27 211 4
RECT 124 210 242 211 4
RECT 245 210 268 255 4
RECT 532 210 533 231 4
RECT 594 210 594 227 4
RECT 600 210 604 231 4
RECT 620 210 621 232 4
RECT 663 210 666 214 4
RECT 905 210 926 217 4
RECT 25 212 26 212 4
RECT 124 212 127 212 4
RECT 237 212 268 255 4
RECT 282 212 299 213 4
RECT 301 212 383 213 4
RECT 530 212 534 228 4
RECT 592 212 595 212 4
RECT 598 212 605 213 4
RECT 618 212 622 229 4
RECT 660 212 666 214 4
RECT 670 212 674 212 4
RECT 885 212 890 212 4
RECT 26 213 27 214 4
RECT 300 213 383 213 4
RECT 465 213 465 218 4
RECT 470 213 470 218 4
RECT 610 213 611 238 4
RECT 658 213 668 213 4
RECT 670 213 673 213 4
RECT 691 213 693 218 4
RECT 28 214 29 223 4
RECT 284 214 296 216 4
RECT 299 214 382 217 4
RECT 456 214 460 214 4
RECT 466 214 466 224 4
RECT 468 214 470 218 4
RECT 529 214 536 228 4
RECT 592 214 604 227 4
RECT 608 214 612 237 4
RECT 655 214 658 214 4
RECT 672 214 673 214 4
RECT 690 214 693 217 4
RECT 27 215 29 223 4
RECT 297 215 384 216 4
RECT 591 215 614 226 4
RECT 653 215 656 216 4
RECT 658 215 658 221 4
RECT 660 215 663 216 4
RECT 130 217 133 408 4
RECT 140 217 269 255 4
RECT 284 217 294 218 4
RECT 296 217 382 217 4
RECT 523 217 542 218 4
RECT 574 217 584 218 4
RECT 615 217 622 229 4
RECT 651 217 653 221 4
RECT 655 217 656 222 4
RECT 659 217 661 217 4
RECT 714 217 724 223 4
RECT 21 218 22 223 4
RECT 124 218 272 240 4
RECT 295 218 381 218 4
RECT 544 218 549 254 4
RECT 590 218 622 226 4
RECT 648 218 653 221 4
RECT 657 218 658 218 4
RECT 712 218 725 218 4
RECT 11 219 22 222 4
RECT 284 219 291 221 4
RECT 294 219 379 234 4
RECT 457 219 462 224 4
RECT 467 219 469 221 4
RECT 524 219 540 219 4
RECT 575 219 583 219 4
RECT 646 219 656 219 4
RECT 712 219 724 223 4
RECT 954 219 956 232 4
RECT 997 219 999 226 4
RECT 10 220 22 221 4
RECT 292 220 395 231 4
RECT 455 220 469 221 4
RECT 525 220 539 221 4
RECT 643 220 646 221 4
RECT 950 220 957 232 4
RECT 996 220 999 226 4
RECT 289 222 289 289 4
RECT 291 222 397 226 4
RECT 452 222 467 223 4
RECT 527 222 538 227 4
RECT 579 222 579 252 4
RECT 581 222 581 252 4
RECT 641 222 643 222 4
RECT 646 222 646 227 4
RECT 648 222 650 226 4
RECT 949 222 958 224 4
RECT 26 223 29 223 4
RECT 287 223 402 223 4
RECT 576 223 584 226 4
RECT 638 223 641 223 4
RECT 643 223 643 228 4
RECT 647 223 650 223 4
RECT 663 223 666 240 4
RECT 948 223 958 224 4
RECT 26 224 27 224 4
RECT 286 224 286 291 4
RECT 290 224 400 224 4
RECT 455 224 466 224 4
RECT 524 224 540 227 4
RECT 589 224 622 226 4
RECT 638 224 638 231 4
RECT 641 224 641 229 4
RECT 644 224 646 224 4
RECT 662 224 667 240 4
RECT 720 224 723 224 4
RECT 875 224 878 227 4
RECT 880 224 880 224 4
RECT 26 225 26 229 4
RECT 287 225 397 226 4
RECT 523 225 549 227 4
RECT 642 225 643 226 4
RECT 660 225 668 226 4
RECT 874 225 879 226 4
RECT 947 225 957 232 4
RECT 290 227 395 231 4
RECT 577 227 584 227 4
RECT 613 227 623 229 4
RECT 747 227 780 227 4
RECT 880 227 880 227 4
RECT 25 228 26 229 4
RECT 528 228 537 228 4
RECT 577 228 583 228 4
RECT 595 228 623 228 4
RECT 958 228 958 232 4
RECT 23 229 26 229 4
RECT 580 229 581 252 4
RECT 605 229 623 229 4
RECT 743 229 777 248 4
RECT 5 230 8 232 4
RECT 22 230 25 231 4
RECT 606 230 621 232 4
RECT 9 232 9 236 4
RECT 21 232 24 232 4
RECT 601 232 621 232 4
RECT 6 233 9 234 4
RECT 20 233 22 233 4
RECT 380 233 400 233 4
RECT 603 233 620 234 4
RECT 10 234 10 236 4
RECT 15 234 21 234 4
RECT 291 234 383 234 4
RECT 11 235 18 236 4
RECT 291 235 330 236 4
RECT 338 235 398 247 4
RECT 605 235 621 236 4
RECT 867 235 868 237 4
RECT 11 237 14 237 4
RECT 290 237 324 240 4
RECT 607 237 616 237 4
RECT 620 237 622 237 4
RECT 865 237 868 237 4
RECT 10 238 11 238 4
RECT 42 238 112 257 4
RECT 399 238 402 275 4
RECT 612 238 615 238 4
RECT 621 238 622 238 4
RECT 700 238 709 239 4
RECT 865 238 866 238 4
RECT 9 239 10 239 4
RECT 40 239 112 257 4
RECT 287 239 403 240 4
RECT 862 239 864 239 4
RECT 4 240 9 240 4
RECT 864 240 864 240 4
RECT 1 241 8 242 4
RECT 128 241 298 242 4
RECT 302 241 403 243 4
RECT 559 241 566 249 4
RECT 600 241 606 242 4
RECT 665 241 669 245 4
RECT 883 241 899 254 4
RECT 1 243 4 243 4
RECT 125 243 295 243 4
RECT 600 243 602 244 4
RECT 658 243 671 245 4
RECT 880 243 899 254 4
RECT 1 244 1 244 4
RECT 22 244 25 253 4
RECT 125 244 293 255 4
RECT 305 244 407 247 4
RECT 590 244 596 244 4
RECT 879 244 899 254 4
RECT 21 245 27 252 4
RECT 124 245 294 255 4
RECT 456 245 457 248 4
RECT 589 245 594 245 4
RECT 596 245 600 245 4
RECT 926 245 927 245 4
RECT 473 246 475 250 4
RECT 591 246 591 248 4
RECT 595 246 599 248 4
RECT 662 246 668 247 4
RECT 363 248 376 330 4
RECT 384 248 438 253 4
RECT 453 248 457 248 4
RECT 590 248 599 248 4
RECT 787 248 788 248 4
RECT 377 249 377 331 4
RECT 383 249 438 253 4
RECT 633 249 636 249 4
RECT 875 249 900 254 4
RECT 378 250 438 253 4
RECT 476 250 477 250 4
RECT 631 250 635 250 4
RECT 903 250 904 252 4
RECT 906 250 906 252 4
RECT 654 251 657 258 4
RECT 905 251 906 252 4
RECT 4 253 4 253 4
RECT 6 253 6 253 4
RECT 21 253 26 253 4
RECT 653 253 658 258 4
RECT 905 253 905 253 4
RECT 990 253 995 258 4
RECT 5 254 5 254 4
RECT 378 254 436 264 4
RECT 667 254 673 254 4
RECT 996 254 996 257 4
RECT 664 255 672 255 4
RECT 820 255 837 257 4
RECT 877 255 896 257 4
RECT 906 255 906 257 4
RECT 908 255 908 257 4
RECT 339 256 436 264 4
RECT 541 256 543 260 4
RECT 907 256 908 257 4
RECT 803 258 833 258 4
RECT 880 258 895 258 4
RECT 907 258 907 258 4
RECT 822 259 834 290 4
RECT 879 259 894 259 4
RECT 996 259 999 260 4
RECT 0 260 13 271 4
RECT 881 260 892 260 4
RECT 988 260 988 260 4
RECT 87 261 112 281 4
RECT 498 261 498 264 4
RECT 543 261 543 264 4
RECT 787 261 790 262 4
RECT 881 261 885 271 4
RECT 923 261 930 263 4
RECT 989 261 989 262 4
RECT 994 261 994 274 4
RECT 17 263 34 274 4
RECT 84 263 112 281 4
RECT 818 263 850 271 4
RECT 876 263 891 271 4
RECT 922 263 931 263 4
RECT 988 263 988 268 4
RECT 995 263 995 279 4
RECT 16 264 35 264 4
RECT 499 264 500 264 4
RECT 817 264 850 271 4
RECT 875 264 892 271 4
RECT 986 264 989 268 4
RECT 996 264 996 266 4
RECT 354 265 434 265 4
RECT 874 265 894 271 4
RECT 903 265 932 265 4
RECT 997 265 998 268 4
RECT 83 266 112 281 4
RECT 354 266 433 275 4
RECT 895 266 895 271 4
RECT 906 266 916 266 4
RECT 999 266 999 268 4
RECT 466 267 490 270 4
RECT 815 267 850 271 4
RECT 872 267 897 271 4
RECT 137 269 138 410 4
RECT 156 269 158 362 4
RECT 176 269 189 309 4
RECT 191 269 192 366 4
RECT 202 269 202 631 4
RECT 206 269 207 404 4
RECT 211 269 212 332 4
RECT 216 269 217 276 4
RECT 232 269 232 269 4
RECT 235 269 237 276 4
RECT 240 269 242 341 4
RECT 245 269 247 338 4
RECT 250 269 252 337 4
RECT 255 269 257 341 4
RECT 260 269 262 283 4
RECT 265 269 267 274 4
RECT 270 269 272 274 4
RECT 275 269 277 315 4
RECT 296 269 296 279 4
RECT 300 269 301 345 4
RECT 305 269 306 285 4
RECT 315 269 316 347 4
RECT 320 269 321 285 4
RECT 325 269 326 285 4
RECT 330 269 331 335 4
RECT 335 269 341 325 4
RECT 344 269 346 315 4
RECT 349 269 444 269 4
RECT 812 269 850 271 4
RECT 864 269 866 271 4
RECT 139 270 229 270 4
RECT 234 270 443 274 4
RECT 543 270 544 274 4
RECT 139 271 226 276 4
RECT 228 271 228 275 4
RECT 591 271 600 274 4
RECT 810 271 850 271 4
RECT 999 271 999 278 4
RECT 0 272 11 274 4
RECT 227 272 228 275 4
RECT 810 272 843 290 4
RECT 872 272 880 273 4
RECT 888 272 891 274 4
RECT 896 272 897 273 4
RECT 996 272 999 276 4
RECT 229 274 229 275 4
RECT 232 274 232 316 4
RECT 493 274 493 276 4
RECT 874 274 892 274 4
RECT 897 274 897 275 4
RECT 0 275 3 275 4
RECT 5 275 6 275 4
RECT 9 275 11 275 4
RECT 230 275 262 276 4
RECT 271 275 443 275 4
RECT 453 275 490 278 4
RECT 591 275 599 275 4
RECT 879 275 889 275 4
RECT 891 275 892 275 4
RECT 993 275 993 275 4
RECT 1 276 1 276 4
RECT 10 276 10 276 4
RECT 20 276 32 276 4
RECT 271 276 397 278 4
RECT 492 276 493 276 4
RECT 591 276 594 283 4
RECT 887 276 889 276 4
RECT 896 276 896 276 4
RECT 994 276 999 276 4
RECT 21 277 31 278 4
RECT 218 277 226 278 4
RECT 230 277 234 316 4
RECT 239 277 262 283 4
RECT 554 277 554 279 4
RECT 561 277 562 280 4
RECT 882 277 887 278 4
RECT 892 277 895 278 4
RECT 897 277 897 279 4
RECT 991 277 992 278 4
RECT 994 277 995 279 4
RECT 997 277 999 278 4
RECT 22 279 30 279 4
RECT 218 279 224 317 4
RECT 271 279 393 279 4
RECT 550 279 550 285 4
RECT 582 279 595 280 4
RECT 997 279 998 297 4
RECT 225 280 226 316 4
RECT 228 280 228 316 4
RECT 271 280 295 280 4
RECT 311 280 386 280 4
RECT 567 280 568 284 4
RECT 809 280 848 290 4
RECT 991 280 994 300 4
RECT 996 280 999 289 4
RECT 227 281 262 283 4
RECT 271 281 294 281 4
RECT 313 281 384 285 4
RECT 477 281 490 312 4
RECT 548 281 548 281 4
RECT 585 281 594 283 4
RECT 808 281 850 289 4
RECT 990 281 999 289 4
RECT 271 282 291 283 4
RECT 450 282 490 284 4
RECT 559 282 559 286 4
RECT 717 282 723 301 4
RECT 139 284 260 284 4
RECT 273 284 291 284 4
RECT 528 284 538 285 4
RECT 565 284 568 284 4
RECT 636 284 646 284 4
RECT 716 284 724 291 4
RECT 139 285 140 285 4
RECT 144 285 257 289 4
RECT 278 285 290 288 4
RECT 302 285 384 285 4
RECT 565 285 565 286 4
RECT 634 285 645 301 4
RECT 312 286 320 289 4
RECT 322 286 324 288 4
RECT 326 286 384 288 4
RECT 538 286 540 301 4
RECT 139 287 140 408 4
RECT 299 287 304 289 4
RECT 535 287 542 301 4
RECT 142 289 257 289 4
RECT 278 289 289 289 4
RECT 326 289 383 289 4
RECT 445 289 461 296 4
RECT 534 289 543 300 4
RECT 227 290 288 290 4
RECT 299 290 303 291 4
RECT 318 290 319 291 4
RECT 327 290 383 291 4
RECT 194 291 286 291 4
RECT 297 291 303 291 4
RECT 528 291 544 294 4
RECT 227 292 285 296 4
RECT 297 292 301 343 4
RECT 332 292 383 304 4
RECT 306 294 307 348 4
RECT 312 294 317 347 4
RECT 322 294 324 343 4
RECT 328 294 384 304 4
RECT 729 294 731 299 4
RECT 204 295 285 296 4
RECT 305 295 384 304 4
RECT 528 295 543 300 4
RECT 727 295 731 299 4
RECT 580 296 604 307 4
RECT 716 296 731 299 4
RECT 227 297 284 299 4
RECT 296 297 386 304 4
RECT 606 297 609 315 4
RECT 715 297 731 299 4
RECT 852 297 854 310 4
RECT 605 298 609 315 4
RECT 851 298 856 300 4
RECT 95 300 113 302 4
RECT 227 300 283 300 4
RECT 715 300 730 301 4
RECT 227 301 281 301 4
RECT 284 301 285 320 4
RECT 533 301 542 301 4
RECT 851 301 854 301 4
RECT 209 302 280 306 4
RECT 295 302 386 304 4
RECT 535 302 538 302 4
RECT 95 303 112 320 4
RECT 688 303 698 309 4
RECT 295 305 381 311 4
RECT 383 305 383 305 4
RECT 493 305 493 319 4
RECT 845 305 855 309 4
RECT 197 306 280 306 4
RECT 843 306 855 309 4
RECT 197 307 279 309 4
RECT 294 307 382 311 4
RECT 384 307 386 310 4
RECT 841 307 855 309 4
RECT 281 308 281 361 4
RECT 383 308 386 310 4
RECT 510 308 518 320 4
RECT 0 310 1 322 4
RECT 196 310 278 311 4
RECT 509 310 519 320 4
RECT 843 310 854 310 4
RECT 471 311 495 311 4
RECT 508 311 521 319 4
RECT 194 312 277 315 4
RECT 294 312 347 312 4
RECT 352 312 381 325 4
RECT 387 312 387 312 4
RECT 652 312 682 317 4
RECT 860 312 869 415 4
RECT 294 313 346 315 4
RECT 507 313 522 317 4
RECT 642 313 683 316 4
RECT 857 313 870 415 4
RECT 193 315 277 315 4
RECT 292 315 346 315 4
RECT 483 315 487 333 4
RECT 634 315 683 316 4
RECT 856 315 871 328 4
RECT 948 315 949 317 4
RECT 208 316 275 316 4
RECT 292 316 345 317 4
RECT 382 316 383 321 4
RECT 422 316 425 316 4
RECT 429 316 433 316 4
RECT 633 316 683 316 4
RECT 855 316 873 327 4
RECT 208 317 224 317 4
RECT 233 317 274 317 4
RECT 351 317 384 320 4
RECT 424 317 424 327 4
RECT 430 317 431 319 4
RECT 631 317 682 317 4
RECT 950 317 952 317 4
RECT 234 318 274 319 4
RECT 292 318 343 319 4
RECT 427 318 431 319 4
RECT 638 318 657 319 4
RECT 976 318 978 320 4
RECT 996 318 999 320 4
RECT 235 320 236 320 4
RECT 238 320 273 320 4
RECT 292 320 342 321 4
RECT 349 320 384 320 4
RECT 427 320 430 323 4
RECT 477 320 492 326 4
RECT 852 320 873 326 4
RECT 975 320 979 320 4
RECT 22 321 22 321 4
RECT 237 321 272 321 4
RECT 349 321 383 321 4
RECT 980 321 980 326 4
RECT 238 322 272 323 4
RECT 291 322 341 325 4
RECT 348 322 382 323 4
RECT 742 322 752 325 4
RECT 978 322 978 326 4
RECT 981 322 982 327 4
RECT 237 323 272 323 4
RECT 237 324 270 325 4
RECT 347 324 381 325 4
RECT 446 324 446 328 4
RECT 510 324 513 333 4
RECT 518 324 521 333 4
RECT 680 324 684 326 4
RECT 238 326 270 326 4
RECT 291 326 340 326 4
RECT 347 326 379 327 4
RECT 426 326 430 327 4
RECT 445 326 457 326 4
RECT 472 326 492 326 4
RECT 517 326 521 333 4
RECT 979 326 983 326 4
RECT 239 327 269 331 4
RECT 291 327 338 327 4
RECT 442 327 448 327 4
RECT 509 327 522 332 4
RECT 291 328 336 328 4
RECT 346 328 378 328 4
RECT 394 328 407 337 4
RECT 444 328 446 328 4
RECT 291 329 335 331 4
RECT 348 329 377 330 4
RECT 393 329 407 337 4
RECT 418 329 419 336 4
RECT 441 329 443 335 4
RECT 290 331 335 331 4
RECT 344 331 358 346 4
RECT 373 331 377 331 4
RECT 440 331 443 335 4
RECT 686 331 687 331 4
RECT 238 332 265 336 4
RECT 282 332 288 333 4
RECT 290 332 334 332 4
RECT 372 332 376 333 4
RECT 446 332 450 333 4
RECT 683 332 683 332 4
RECT 688 332 688 335 4
RECT 690 332 690 332 4
RECT 765 332 902 333 4
RECT 223 333 223 335 4
RECT 235 333 265 336 4
RECT 294 333 332 333 4
RECT 445 333 450 333 4
RECT 679 333 679 333 4
RECT 681 333 682 356 4
RECT 685 333 685 333 4
RECT 224 334 224 335 4
RECT 234 334 265 335 4
RECT 290 334 331 335 4
RECT 343 334 374 336 4
RECT 444 334 446 337 4
RECT 684 334 684 353 4
RECT 686 334 688 335 4
RECT 757 334 897 394 4
RECT 290 336 330 337 4
RECT 342 336 374 336 4
RECT 683 336 687 336 4
RECT 223 337 264 337 4
RECT 342 337 373 337 4
RECT 675 337 685 338 4
RECT 223 338 248 338 4
RECT 251 338 264 338 4
RECT 290 338 329 338 4
RECT 342 338 372 338 4
RECT 394 338 397 338 4
RECT 401 338 402 338 4
RECT 404 338 413 340 4
RECT 674 338 685 338 4
RECT 756 338 897 394 4
RECT 223 339 246 340 4
RECT 249 339 250 342 4
RECT 254 339 264 340 4
RECT 290 339 327 340 4
RECT 341 339 371 340 4
RECT 394 339 395 340 4
RECT 398 339 400 340 4
RECT 403 339 413 340 4
RECT 674 339 684 353 4
RECT 223 341 244 341 4
RECT 247 341 247 343 4
RECT 253 341 253 343 4
RECT 258 341 264 341 4
RECT 290 341 326 341 4
RECT 341 341 369 341 4
RECT 395 341 397 341 4
RECT 400 341 403 341 4
RECT 655 341 684 353 4
RECT 223 342 241 343 4
RECT 248 342 253 342 4
RECT 259 342 262 342 4
RECT 294 342 325 342 4
RECT 341 342 368 342 4
RECT 396 342 398 342 4
RECT 400 342 402 342 4
RECT 653 342 684 353 4
RECT 912 342 918 397 4
RECT 243 343 248 343 4
RECT 254 343 257 343 4
RECT 259 343 260 345 4
RECT 296 343 324 343 4
RECT 339 343 367 343 4
RECT 398 343 400 351 4
RECT 461 343 475 347 4
RECT 652 343 684 353 4
RECT 720 343 720 348 4
RECT 223 344 228 345 4
RECT 240 344 242 346 4
RECT 258 344 260 345 4
RECT 299 344 321 345 4
RECT 337 344 364 345 4
RECT 434 344 441 346 4
RECT 561 344 566 346 4
RECT 634 344 684 353 4
RECT 717 344 721 346 4
RECT 247 346 248 346 4
RECT 251 346 253 346 4
RECT 258 346 259 346 4
RECT 302 346 320 346 4
RECT 337 346 361 346 4
RECT 395 346 395 350 4
RECT 403 346 408 346 4
RECT 422 346 443 346 4
RECT 456 346 476 346 4
RECT 629 346 684 353 4
RECT 240 347 241 413 4
RECT 245 347 246 348 4
RECT 249 347 252 347 4
RECT 254 347 254 348 4
RECT 259 347 259 347 4
RECT 264 347 293 347 4
RECT 304 347 317 347 4
RECT 337 347 357 347 4
RECT 396 347 405 348 4
RECT 424 347 433 347 4
RECT 436 347 443 348 4
RECT 455 347 475 347 4
RECT 561 347 563 350 4
RECT 566 347 566 350 4
RECT 719 347 721 347 4
RECT 146 348 163 350 4
RECT 242 348 242 350 4
RECT 258 348 258 350 4
RECT 308 348 314 348 4
RECT 337 348 353 348 4
RECT 424 348 425 348 4
RECT 429 348 433 350 4
RECT 455 348 474 348 4
RECT 721 348 721 354 4
RECT 746 348 746 348 4
RECT 919 348 922 392 4
RECT 979 348 979 348 4
RECT 984 348 984 348 4
RECT 308 349 312 350 4
RECT 337 349 351 350 4
RECT 455 349 472 350 4
RECT 564 349 566 350 4
RECT 722 349 723 353 4
RECT 747 349 747 394 4
RECT 980 349 983 353 4
RECT 203 351 220 404 4
RECT 289 351 290 351 4
RECT 310 351 310 351 4
RECT 337 351 346 351 4
RECT 456 351 470 352 4
RECT 623 351 684 353 4
RECT 748 351 749 376 4
RECT 979 351 984 353 4
RECT 242 352 243 353 4
RECT 248 352 253 353 4
RECT 256 352 258 352 4
RECT 337 352 345 352 4
RECT 455 352 470 352 4
RECT 618 352 684 353 4
RECT 750 352 750 392 4
RECT 978 352 985 353 4
RECT 239 353 243 353 4
RECT 254 353 254 353 4
RECT 258 353 258 353 4
RECT 336 353 342 353 4
RECT 389 353 389 354 4
RECT 409 353 410 353 4
RECT 458 353 464 353 4
RECT 751 353 751 390 4
RECT 239 354 242 413 4
RECT 244 354 250 354 4
RECT 255 354 255 354 4
RECT 336 354 341 354 4
RECT 390 354 392 354 4
RECT 408 354 409 354 4
RECT 471 354 472 362 4
RECT 594 354 597 356 4
RECT 620 354 683 354 4
RECT 978 354 978 354 4
RECT 980 354 980 356 4
RECT 983 354 983 356 4
RECT 985 354 985 354 4
RECT 284 355 288 357 4
RECT 312 355 332 357 4
RECT 335 355 340 356 4
RECT 435 355 436 367 4
RECT 470 355 474 361 4
RECT 620 355 682 356 4
RECT 752 355 752 389 4
RECT 939 355 944 361 4
RECT 243 357 244 492 4
RECT 249 357 250 357 4
RECT 282 357 288 357 4
RECT 335 357 338 357 4
RECT 422 357 441 359 4
RECT 468 357 474 361 4
RECT 621 357 680 362 4
RECT 923 357 926 384 4
RECT 238 358 249 358 4
RECT 335 358 337 358 4
RECT 467 358 475 359 4
RECT 223 359 223 364 4
RECT 237 359 248 359 4
RECT 259 359 283 361 4
RECT 335 359 336 361 4
RECT 466 359 475 359 4
RECT 602 359 614 362 4
RECT 681 359 682 362 4
RECT 704 359 704 383 4
RECT 708 359 708 362 4
RECT 131 402 412 604 4
RECT 124 277 215 470 6
RECT 517 627 655 795 0
RECT 74 20 108 999 3
RECT 38 20 73 999 1